r rho u P M
0.00010558725881217215 405649092.13023573 924.8257581072479 133555779391.86253 0.0020002011060897976
0.0001343236440899622 399217846.32389736 921.4292691898197 130949072746.06056 0.004084518889602736
0.00015892607744993285 393394285.35653305 918.3214821655663 128607977955.23087 0.006705409748673027
0.00018217166125937922 387270227.9460853 915.0097557752485 126141916224.86871 0.010001005530416527
0.00021865690172425618 378002773.531355 909.9277373511666 122441713801.6012 0.01698135533227701
0.00025025937090539235 366875380.70603794 903.6961839398336 118022765838.4765 0.025002513826045954
0.00026685579716576274 358530062.49244696 898.9280796676969 114731700972.25633 0.03000301659125422
0.0002888664648738849 351058273.12169576 894.5845926655805 111799180245.52063 0.03750377073906661
0.00030838222557892935 342850367.66856587 889.7303575821646 108595600938.63725 0.04500452488688365
0.0003260713634050418 335224813.52733016 885.1399655606822 105636017028.39375 0.05250527903469605
0.00034235662797070553 328068899.5950036 880.7594559330449 102873737919.46884 0.06000603318250844
0.0003699345417741533 318367222.3564591 874.6977405038547 99150512392.70235 0.07400744092508602
0.0003947642211680954 306843795.0687894 867.3105544983126 94764083278.2344 0.08800884866767286
0.0004175615399070123 296185371.24218094 860.2830232901044 90741716320.0105 0.10201025641019942
0.000438789394040035 286235330.29959494 853.5431199755408 87017455998.71214 0.11601166415265643
0.0004587665137702601 276881685.38078266 847.0381322279898 83544275847.55663 0.13001307189505315
0.0004777228659198829 268041498.9904829 840.7310260652655 80287090698.74638 0.14401447963740352
0.000495830531445225 259650842.23628524 834.593512246642 77218800287.27437 0.15801588737970748
0.0005132220878752206 251659164.11837313 828.6034530474471 74317890450.70515 0.17201729512198363
0.0005300021684707977 244025371.68703508 822.7432363085279 71566897780.9502 0.1860187028642227
0.0005462550270444575 236715625.18141383 816.9980701479703 68951385824.83067 0.20002011060642466
0.0005620496718623644 229701704.04916066 811.356199846587 66459235404.90485 0.2140215183485988
0.0005774434979302375 222959192.76180336 805.8081891887775 64080136231.195946 0.2280229260907544
0.0005924848336114094 216467640.0591315 800.3442934007713 61805217730.84373 0.24202433383286825
0.0006072148693039001 210208902.89783475 794.9599057259788 59626773484.75928 0.2560257415749543
0.0006216690548115858 204167425.81316537 789.6473868941857 57538048626.2668 0.27002714931700783
0.0006358782051818019 198329176.16379204 784.4023894617253 55533077019.52725 0.2840285570590243
0.0006498693464513825 192681551.7279318 779.2213812834931 53606557967.95089 0.2980299648009944
0.0006636662695011751 187214684.85876274 774.1005920622969 51753743135.59676 0.31203137254292745
0.0006772902205745644 181917483.27207768 769.0355923948633 49970355888.7181 0.3260327802848326
0.0006907603163642264 176779878.11390653 764.0269056032467 48252535333.058945 0.34003418802669605
0.0007040935198466114 171797442.2670813 759.0721586575074 46596778049.3086 0.35403559576850385
0.0007173054563578857 166959389.72167236 754.1665632506098 44999885287.920204 0.36803700351026064
0.0007304103628689253 162259226.50442123 749.3125208906205 43458921246.853775 0.3820384112519711
0.0007434212424543939 157691454.96242037 744.5050583555199 41971191450.38138 0.39603981899363977
0.0007563500608285322 153250591.35472077 739.7454902871738 40534211275.730255 0.41004122673526205
0.0007692079727176388 148930495.71412852 735.0328564223043 39145687309.51845 0.42404263447684265
0.0007820053253265341 144726747.79514948 730.3644738703382 37803493255.459595 0.4380440422183861
0.0007947518600211863 140634087.60935143 725.7367965233447 36505641511.72241 0.45204544995990176
0.0008074566851601203 136648839.7438716 721.1518117044069 35250291598.505356 0.4660468577013803
0.0008201283948092073 132767091.7537348 716.605382465825 34035715120.567455 0.48004826544281254
0.0008327752343407152 128984130.7166468 712.0998482084939 32860296621.287926 0.49404967318422155
0.0008454049939924233 125297193.97725748 707.6307738552653 31722522394.79848 0.5080510809255935
0.0008580251572472936 121702710.65924233 703.1979744370278 30620968918.14782 0.5220524886669329
0.0008706428812885292 118197934.74541682 698.7995142099824 29554296793.503967 0.5360538964082352
0.0008832651101437798 114779589.95126943 694.4336298951871 28521240592.297337 0.5500553041495051
0.0008958986224415094 111444487.02598712 690.1012749426125 27520604944.186886 0.5640567118907471
0.0009085498801851938 108191222.04322122 685.7954775976239 26551258060.49956 0.5780581196319661
0.0009212253060070272 105016335.06278789 681.519198067019 25612128700.76375 0.5920595273731617
0.0009339311683339867 101917744.01736486 677.2687560419578 24702201616.634396 0.606060935114325
0.0009466735457035938 98893940.2197487 673.0419511268166 23820512045.958862 0.6200623428554836
0.0009594585517539595 95941916.78692618 668.8388795964592 22966142230.335697 0.6340637505966144
0.0009722921202437125 93060603.4577917 664.6540630460553 22138214572.041203 0.6480651583377219
0.000985180116187485 90248281.78972168 660.4864509824655 21335894324.54603 0.6620665660788202
0.0009981284969796328 87502326.72515191 656.3353621511761 20558385304.5415 0.6760679738199046
0.0010111430988942903 84821818.37109779 652.198526262541 19804924447.68434 0.6900693815609751
0.0010242296506359513 82205846.90955272 648.070354952144 19074783756.32342 0.7040707893020178
0.0010373941064232952 79651543.70119211 643.9549973239592 18367265369.92033 0.7180721970430511
0.0010506422719366896 77158563.90539886 639.845867672382 17681701650.830883 0.7320736047840707
0.0010639800746554658 74725038.41898319 635.74056706913 17017447302.276524 0.7460750125250809
0.0010774132846949375 72350814.58889219 631.6389699150807 16373884570.212172 0.7600764202660818
0.0010909479346203942 70033511.12086312 627.5349099793057 15750420844.883186 0.7740778280070688
0.001104590125159823 67771982.5212037 623.4270511074553 15146483759.020514 0.788079235748042
0.0011183458777893121 65565897.45343518 619.3112418968459 14561523656.048151 0.802080643489015
0.0011322213039122264 63414129.490980126 615.1824585129813 13995009228.606535 0.8160820512299835
0.0011462226134642463 61315605.31359011 611.0333419646768 13446428282.932465 0.830083458970938
0.0011603559871936893 59269878.22214664 606.858473536841 12915287203.130524 0.8440848667118787
0.0011746277531402653 57275776.5433614 602.6561834047106 12401105300.044998 0.8580862744528194
0.0011890444932691863 55331808.23592267 598.4329527934632 11903420079.917454 0.8720876821937553
0.0012036128719777805 53437264.61106042 594.1875267118522 11421783360.499525 0.8860890899346774
0.0012183396341529365 51591476.798626654 589.9145285920094 10955761338.827076 0.9000904976755996
0.001233231620813657 49793747.084584214 585.6088676352565 10504932849.457186 0.9140919054165123
0.0012482957932887656 48043325.549082294 581.2650838492102 10068889684.183708 0.9280933131574205
0.0012635391329265274 46339802.98015673 576.8804997669274 9647234123.666965 0.9420947208983241
0.001278969120048089 44681340.33347234 572.4553213282361 9239580978.54515 0.9560961286392045
0.0012945934701689065 43067043.833813496 567.9974983171891 8845555736.585865 0.9700975363800801
0.00131042026539292 41495735.6667639 563.5207413211303 8464794783.610152 0.9840989441209467
0.001326458781167906 39964269.66130581 559.0839115405875 8096943222.491312 0.9981003518618131
0.0013427311624087835 38442035.866261184 555.5855824176837 7741661848.464334 1.0121017596026796
0.0013592370495453746 36984273.00229609 551.405226849835 7398626714.095308 1.0261031673435506
0.0013759899412347971 35558208.51045448 547.4890223173038 7067520053.077045 1.0401045750844355
0.001393009723866023 34152031.75168628 544.2095538749029 6748032761.512574 1.0541059828253159
0.0014103270330682468 32748042.98966265 542.2036813079743 6439873504.893537 1.0681073905661918
0.0014279726818282267 31351772.40053419 541.392786221655 6142773964.266885 1.082108798307072
0.001445969573000938 29982137.231180146 541.2111447217545 5856487266.432392 1.0961102060479664
0.0014643855508226305 28571252.569646094 544.5262398432027 5580759082.579317 1.1101116137888838
0.0014839203221626621 26245936.151098743 592.0280093630081 5315324207.812578 1.1241130215298059
0.0015049181024223272 23759452.187275082 662.7661585248966 5060519142.022429 1.1381144292707466
0.0015262311570786143 22759060.477040373 657.1261221047037 4816740146.712703 1.152115837011715
0.001547870381030276 21793980.563093416 651.434615093743 4583525360.282438 1.1661172447526973
0.0015698455661325536 20864549.28842842 645.6793814188533 4360453943.263326 1.1801186524937122
0.0015921657850788771 19970517.427646473 639.8389197682262 4147151612.84699 1.1941200602347595
0.001614842194020853 19109099.916708086 634.0259922198882 3943248627.5020285 1.2081214679758439
0.0016378834754156974 18281552.100376878 628.077932427533 3748376689.591871 1.2221228757169562
0.0016612988977175289 17486379.400483232 622.0136502398376 3562186374.6239696 1.2361242834581008
0.0016850998170298685 16721121.621861018 615.9399922068753 3384340965.2730017 1.2501256911992826
0.001709297526597554 15985081.545010325 609.8471738038537 3214511730.750323 1.2641270989405016
0.0017339022809211772 15278156.503083969 603.657162248206 3052380199.918047 1.2781285066817574
0.0017589247487666273 14599235.105749412 597.3741459767881 2897639509.0814023 1.2921299144230505
0.001784377340813576 13946524.150675163 591.0651330481713 2749995934.680027 1.3061313221643713
0.0018102723707204612 13319402.681833556 584.7500037777208 2609163791.7694416 1.3201327299057295
0.0018366202872714258 12718094.093955608 578.3281540546868 2474869306.0543976 1.3341341376471385
0.0018634314768950333 12141785.190557862 571.7607078613763 2346847248.83723 1.3481355453885893
0.0018907202057874216 11587966.818838386 565.231339260158 2224841184.2032757 1.3621369531300862
0.0019184980432834545 11057170.001832543 558.6523043227854 2108604301.839143 1.3761383608716298
0.0019467772485531076 10548386.15672228 552.0197628762917 1997898708.9785235 1.3901397686132242
0.0019755689763071675 10061308.160252435 545.2932590668131 1892494539.2154207 1.404141176354865
0.0020048857365796173 9594727.117370006 538.5565629379305 1792169650.9415734 1.4181425840965523
0.0020347388213523727 9148348.549630294 531.7298273150786 1696709779.45365 1.4321439918383045
0.002065141859818018 8720762.225662788 524.9494330786661 1605907827.7636564 1.4461453995800937
0.002096105437543961 8312193.162132242 518.103723821875 1519564361.5167353 1.4601468073219293
0.002127642314246171 7921348.718468152 511.251429706509 1437486530.631887 1.4741482150638159
0.0021597629280507647 7548154.832070073 504.36523332797077 1359488322.7398448 1.4881496228057536
0.00219247871686299 7191678.329669724 497.4606088040632 1285389835.5058808 1.5021510305477515
0.0022257988466328864 6851740.749190135 490.48780767615966 1215016866.17365 1.5161524382898004
0.002259733057899635 6527515.1081955535 483.46159734689076 1148200124.4805968 1.530153846031891
0.002294290892475259 6218367.033821544 464.06819111563556 1084781140.0865898 1.5441552537740282
0.0023294808921501633 5923813.833673881 458.60970395565585 1024612169.1054107 1.5581566615162117
0.002365313156904166 5642948.002081782 453.07589516891466 967540774.3555738 1.5721580692584554
0.002401796332516179 5375396.007264374 447.44143906717653 913418123.6721063 1.5861594770007545
0.002438938073285049 5120690.688346984 441.6964659279361 862103676.1797345 1.6001608847431004
0.002476746217941534 4878203.74755474 435.85518407458443 813463574.237852 1.6141622924855017
0.0025152274198186816 4647506.800637422 429.9103515084415 767369485.0935373 1.6281637002279448
0.002554388561996836 4428001.056812069 423.8789099457808 723698047.9494405 1.6421651079704342
0.002594234730923924 4219338.356867203 417.74838458661907 682330738.1642965 1.6561665157129748
0.0026347696669836314 4021106.954350474 411.51629064290967 643153657.5819527 1.6701679234555615
0.002675995813993227 3832887.8483607355 405.18291729499566 606057389.4136713 1.6841693311981856
0.0027179153945831084 3654168.520241241 398.76224553707056 570936881.5234675 1.6981707389408558
0.0027605308299590535 3484426.717654447 392.26990594762924 537691335.3187257 1.7121721466835633
0.0028038448800733443 3323160.9185796436 385.7207300514571 506224155.3562501 1.7261735544263077
0.0028478626939404247 3169751.4839980262 379.1471200177176 476442951.57471853 1.7401749621690754
0.0028925931140300113 3023551.065970016 372.5866985592182 448259649.7977863 1.754176369911871
0.002938048643572178 2883988.9587869467 366.0704797034693 421590636.2261925 1.768177777654699
0.002984245240225459 2750572.7158084908 359.617986121005 396356499.43491626 1.7821791853975595
0.0030312015177992035 2622911.1171025536 353.2360455524696 372482176.114014 1.7961805931404524
0.00307893808400804 2500688.24391018 346.92404981405076 349896462.2007629 1.810182000883373
0.0031274771507027294 2383635.7912294986 340.6765680591337 328532011.3891137 1.8241834086263216
0.0031768425225755423 2271507.0426846016 334.48466159312676 308325118.89809084 1.8381848163692887
0.0032270597166047113 2164068.9793407274 328.3435586846612 289215416.8904834 1.8521862241122744
0.003278155969605401 2061106.555029901 322.24877219449803 271145741.7593469 1.866187631855274
0.003330160632885693 1962406.135307229 316.19782256760715 254062047.1495037 1.880189039598292
0.003383105153134034 1867773.1400796608 310.1882915459189 237913112.07387277 1.8941904473413287
0.0034370218915888325 1777068.7948110693 304.207997191697 222650460.35331634 1.9081918550843886
0.0034919470931649597 1690066.6812401488 298.25347253224834 208228153.84773448 1.9221932628274623
0.003547917308671722 1606671.583971094 292.3163417466427 194602794.72637644 1.93619467057055
0.003604972739726822 1526695.8688578892 286.4086191560599 181733098.7187086 1.950196078313647
0.003663159113394028 1449925.42707574 280.5329763096129 169579983.97127792 1.9641974860567577
0.003722713570440361 1371811.738098638 275.62080698928196 158106610.28629234 1.9781988937998825
0.003783928655150673 1291999.4057933388 272.01363631533155 147280293.0802738 1.9922003015430072
0.003846945009748657 1214535.3361471486 268.62261119583405 137072089.59330112 2.006201709286132
0.003911884606806131 1140012.6488274406 265.4894133920227 127454604.7394076 2.0202031170292614
0.003978813228711054 1069470.2473991604 262.5360720484414 118401631.36475235 2.0342045247724
0.004047843899502003 1002073.5666960243 259.91529369050676 109887489.22740947 2.048205932515539
0.0041190835682668216 937932.3750387228 257.54861974985636 101887044.82258041 2.062207340258687
0.004192660447690839 876768.2277497753 255.44316211039805 94375523.22763142 2.0762087480018345
0.004273461014667926 769529.4521527356 275.0434256613395 87330465.6724781 2.090210155744978
0.004342966381747839 699559.4415238466 284.88681712499493 81363237.02915977 2.101551296016924
0.00440910460093225 588240.080754076 330.91021935967683 76762403.44339919 2.1109136899767678
0.004469807746796825 521162.3608204273 363.5006058380021 73130082.7259829 2.118749076362733
0.004476809311083024 479848.20761609526 391.59440738712465 71400307.9283954 2.119593901088976
0.004477455729319403 409280.7923563412 474.92352373230324 71219248.3816507 2.119660542583316
0.004477873777029388 339042.2139282844 595.1952293853276 71198988.93039624 2.1196962528125103
0.004480488189708833 338865.6481915366 595.0850440599728 71148950.31455259 2.1199196145525248
0.00449871933812681 337641.60001303616 594.3097225069044 70801793.29743496 2.1214787953014933
0.0045783788027935765 331868.06351551507 590.5888155228611 69165484.0635733 2.1283219747479745
0.004725187198694599 319317.93903963885 582.189966108514 65624941.70856437 2.141070472590159
0.0048367187715971476 306281.7546999659 573.0745516189249 61983919.19982168 2.1508829226319532
0.004941663615189808 296086.60457702697 565.7059831795684 59169959.77004097 2.1602171944607176
0.005097057250690761 284575.27223988523 557.1376483690988 56031606.53253619 2.1742186022038656
0.005250071244411664 272031.588869604 547.5116840608972 52663323.75391806 2.188220009947018
0.005400800783162116 260629.83875150248 538.4993600230258 49651281.77973945 2.2022214176901755
0.005549339492753239 250216.6360241366 530.0465416734695 46943889.91466071 2.2162228254333325
0.0056957774809633386 240666.46170415776 522.1028010281202 44498913.31638943 2.23022423317649
0.0058402005905552655 231874.82869517294 514.6219506729672 42281376.348388836 2.2442256409196473
0.00598269019144176 223753.7272171957 507.5621813839222 40262070.65101695 2.258227048662809
0.006123323226030528 216228.35529937968 500.88592645340003 38416433.47730645 2.272228456405966
0.006262172378615768 209234.65847516552 494.5595706726213 36723678.7786142 2.2862298641491234
0.006399306303208653 202717.4280988957 488.55308876122086 35166113.98980004 2.300231271892281
0.0065347898724677994 196628.8074406411 482.83967152745635 33728598.13778909 2.3142326796354378
0.006668684425819038 190927.10342040833 477.3953687316635 32398108.923017044 2.328234087378609
0.006801048005175608 185575.82978225488 472.1987610353017 31163394.162801176 2.3422354951217894
0.006931935573720999 180542.92696097403 467.2306640778202 30014688.8198607 2.35623690286497
0.007061399217412442 175800.118682073 462.47386411829456 28943483.428067613 2.3702383106081597
0.007189488330839242 171322.3762877222 457.9128833843646 27942333.25947336 2.3842397183513397
0.0073162497895895885 167087.46956556733 453.53377265646446 27004700.191176042 2.398241126094525
0.007441728110956567 163075.58829361436 449.32392903267146 26124821.105294682 2.4122425338377056
0.0075659656042295995 159269.02233053793 445.27193666031326 25297597.9888266 2.4262439415808905
0.007689002511271006 155651.89053404774 441.367428242216 24518505.861636817 2.4402453493240848
0.007810877137773033 152209.91045803193 437.60096500403887 23783515.387417268 2.4542467570672977
0.007931625975512028 148930.20206075782 433.9639326279526 23089027.59314458 2.468248164810515
0.008051283815908318 145801.1198357435 430.4484510906925 22431818.588257104 2.482249572553742
0.008169883855266154 142812.10869461432 427.04729634042917 21808992.5574569 2.4962509802969732
0.008287457792154087 139953.57973057756 423.75383205526373 21217941.61741489 2.5102523880402
0.00840403591745608 137216.802667921 420.5619499595463 20656311.392438028 2.5242537957834315
0.008519647197662643 134593.8123757847 417.4660174158207 20121971.374619704 2.5382552035266723
0.008634319351972144 132077.32730427998 414.46083121913455 19612989.3063131 2.5522566112699128
0.008748078923757216 129660.67807031878 411.54157671607067 19127608.961928073 2.5662580190131674
0.008860951346894158 127337.74475478147 408.703791519734 18664230.814928655 2.580259426756436
0.008972961007404525 125102.9017014671 405.9433333084781 18221395.165133256 2.5942608344997047
0.009084131300835959 122950.9687692566 403.2563510398258 17797767.371228825 2.6082622422429917
0.009194484685753887 120877.16818786199 400.6392592336761 17392124.892204497 2.6222636499862833
0.009304042733671218 118877.08629371513 398.08871495363167 17003345.887822285 2.6362650577295703
0.009412826175705638 116946.63952064651 395.6015971449497 16630399.166159952 2.650266465472871
0.00952085494622337 115082.04410988367 393.17498806838904 16272335.298772506 2.6642678732161724
0.009628148223704275 113279.78907813043 390.80615659038153 15928278.750453116 2.678269280959478
0.009734724469036093 111536.6120475367 388.4925431039972 15597420.891870528 2.6922706887027927
0.009840601461429812 109849.4775914795 386.23174591206663 15279013.783317871 2.7062720964461215
0.009945796332129135 108215.55779921453 384.02150890480857 14972364.63324894 2.7202735041894504
0.010050325596076952 106632.2147959019 381.85971038546654 14676830.84811938 2.7342749119327885
0.010154205181681149 105096.984998767 379.7443529063073 14391815.601799147 2.7482763196761404
0.010257450458803625 103607.5649209573 377.6735540822876 14116763.862942537 2.7622777274195016
0.010360076265100784 102161.79833526917 375.64553818517857 13851158.82560401 2.776279135162877
0.01046209693083238 100757.66464878042 373.6586284815272 13594518.696864944 2.790280542906257
0.010563526302243133 99393.26836153101 371.7112402272652 13346393.801031115 2.8042819506496364
0.010664377763613335 98066.8294926316 369.801874266329 13106363.964405758 2.8182833583930162
0.010764664258066707 96776.67487300833 367.92911116652306 12874036.149747953 2.8322847661363917
0.01086439830721959 95521.23021260208 366.09160581827916 12649042.313077413 2.846286173879776
0.010963592029747638 94299.01286351746 364.2880824797841 12431037.45880413 2.860287581623156
0.011062257158941644 93108.6252095428 362.5173302050321 12219697.872265572 2.87428898936654
0.011160405059318906 91948.74861743089 360.7781985998627 12014719.510198928 2.888290397109915
0.011258046742353721 90818.13789530571 359.0695938635938 11815816.532606816 2.9022918048532764
0.011355192881383907 89715.61620932995 357.3904750488265 11622719.96078089 2.9162932125966425
0.011451853825749626 88640.070412178 355.7398504685885 11435176.447755558 2.9302946203400175
0.011548039614194166 87590.44676611666 354.1167741946966 11252947.151484666 2.9442960280833974
0.011643759987494161 86565.74707777122 352.52034276586653 11075806.7102479 2.958297435826782
0.011739024400116715 85565.02536221407 350.9496927302792 10903542.350061918 2.9722988435701616
0.01183384203020255 84587.38544726657 349.40400138270127 10735953.23349405 2.986300251313551
0.011928221786365932 83631.98018990424 347.8824965707961 10572850.279668871 3.000301659056935
0.012022172314661688 82698.00792711455 346.3844777917712 10414055.912831211 3.01430306680032
0.012115702078795478 81784.64478658997 344.90792200521196 10259392.626060689 3.028304474543704
0.01220881924484154 80891.21406602534 343.45479202005777 10108705.873286525 3.0423058822870934
0.012301531766569689 80017.00718255618 342.0230457434145 9961840.261399465 3.0563072900304777
0.01239384738622673 79161.3554068973 340.612047406369 9818649.657479402 3.070308697773867
0.012485773638853137 78323.62441594571 339.22119999198196 9678995.989732217 3.0843101055172557
0.012577317858713234 77503.21029481843 337.849932556037 9542748.216665294 3.098311513260645
0.012668487186332308 76699.53700959338 336.49769611636276 9409781.729105774 3.1123129210040292
0.012759288575482603 75912.05458644667 335.1639623467464 9279977.928600986 3.1263143287474184
0.01284972879991473 75140.23758886824 333.8482229098309 9153223.871615347 3.140315736490817
0.012939814459790913 74383.58374559846 332.5499888068043 9029411.944152515 3.154317144234215
0.013029551987823589 73641.61268029337 331.2687896451995 8908439.557446353 3.168318551977618
0.013118947655134744 72913.86472435403 330.00417287798786 8790208.86233515 3.182319959721026
0.013208007576853302 72199.89980515807 328.75570301335574 8674626.481339535 3.196321367464438
0.013296737717465786 71499.29640427604 327.52296084001676 8561603.257870948 3.210322775207855
0.013385143895934003 70811.65058119077 326.30554269243686 8451054.021739436 3.2243241829512765
0.013473231790590746 70136.57505911871 325.1030597555796 8342897.370260301 3.238325590694689
0.013561006943823624 69473.69836898483 323.91513743006726 8237055.464152454 3.252326998438101
0.013648474766554878 68822.66404778034 322.7414147614123 8133453.837471859 3.266328406181518
0.013735640542523053 68183.1298895451 321.5815439649053 8032021.221269607 3.280329813924935
0.013822509432372189 67554.76724474935 320.43519005274925 7932689.38061772 3.294331221668352
0.013909086477553723 66937.26036443189 319.30203061698575 7835392.964954768 3.3083326294117685
0.013995376604055275 66330.30577922883 318.1817557772353 7740069.371079053 3.3223340371551857
0.014081384625994836 65733.61169137823 317.0740682609695 7646658.61642684 3.336335444898612
0.014167115249175475 65146.8973341834 315.9786834255881 7555103.215900834 3.3503368526420427
0.01425257307481731 64569.892206155135 314.89532861808203 7465348.0457282085 3.364338260385478
0.014337762603889411 64002.33502586038 313.82374049291155 7377340.161409045 3.378339668128918
0.014422688242708684 63443.97223060648 312.7636577416291 7291028.5195724135 3.3923410758723627
0.014507354310415155 62894.556074028194 311.71480635658133 7206363.572499666 3.4063424836158123
0.014591765047414254 62353.84346151699 310.67687928373294 7123296.874446527 3.4203438913592614
0.014675924618373921 61821.59956840324 309.64953218338565 7041781.373509516 3.4343452991027155
0.014759836992145815 61297.687814390905 308.6323703739353 6961773.719277448 3.4483467068461695
0.014843506045963767 60781.90408230416 307.62565818438964 6883232.812162742 3.4623481145896235
0.014926935689705143 60273.962958392854 306.62889226568404 6806117.112559061 3.476349522333087
0.01501012974050643 59773.679191106254 305.64194125714863 6730389.015150184 3.4903509300765596
0.015093091924781905 59280.87427137571 304.6646410485366 6656012.105521412 3.504352337820041
0.015175825886073822 58795.37191522494 303.6968030057971 6582950.633941706 3.5183537455635276
0.015258335191564205 58316.99875267146 302.73822997201677 6511169.719739569 3.5323551533070097
0.015340623336471666 57845.58556279173 301.7887264196823 6440635.558392772 3.5463565610504912
0.015422693747035303 57380.96799896314 300.8481028064022 6371315.50770462 3.5603579687939595
0.015504549782754187 56922.98684116634 299.916176726637 6303178.0888253115 3.5743593765374366
0.015586194738277687 56471.48797579932 298.99277271787196 6236192.946890645 3.588360784280909
0.01566763184514074 56026.32225084771 298.0777216386246 6170330.798305219 3.6023621920243816
0.015748864273422165 55587.34528695065 297.1708600674442 6105563.3771314975 3.6163635997678494
0.01582989513335607 55154.41727968278 296.27202978296384 6041863.384734963 3.6303650075113034
0.01591072747690281 54727.402808107894 295.3810773499548 5979204.443755028 3.644366415254748
0.01599136429927907 54306.17065387751 294.49785380761284 5917561.056232718 3.6583678229981977
0.016071808540446098 53890.59363079781 293.62221442455547 5856908.56490666 3.6723692307416425
0.016152063086554952 53480.54842460251 292.7540184866156 5797223.117299124 3.686370638485087
0.01623213077134821 53075.91544140854 291.8931291195259 5738481.632332121 3.700372046228532
0.016312014377518183 52676.57866448996 291.03941315307594 5680661.768607073 3.7143734539719766
0.016391716638023027 52282.425517776064 290.1927409578928 5623741.894564364 3.7283748617154076
0.01647124023736185 51893.34673610375 289.352986325527 5567701.060233192 3.7423762694588287
0.016550587812809443 51509.23624158677 288.5200263602153 5512518.970308363 3.7563776772022366
0.016629761955613078 51129.991025334915 287.6937413544837 5458175.958674539 3.7703790849456347
0.016708765212150537 50755.5110356072 286.87401468111045 5404652.963891627 3.7843804926890194
0.016787600085053592 50385.699069391914 286.06073269418266 5351931.506053332 3.7983819004323993
0.01686626903429623 50020.46066970742 285.2537846408136 5299993.664844912 3.81238330817577
0.016944774478248797 49659.704027747815 284.4530625836832 5248822.058517385 3.826384715919126
0.017023118794705843 49303.33988502995 283.6584613392504 5198399.823876488 3.840386123662469
0.017101304321862625 48951.28145601671 282.86987785418256 5148710.590379688 3.8543875314058025
0.01717933335928492 48603.44432716595 282.087211995726 5099738.473087754 3.8683889391491175
0.017257208168849424 48259.74637488807 281.31036645158287 5051468.054885807 3.8823903468924184
0.01733493097563273 47920.10770093913 280.5392458219293 5003884.358669915 3.8963917546357005
0.017412503968792386 47584.450544869804 279.77375706711365 4956972.8378239265 3.9103931623789694
0.017489929302416697 47252.699214576656 279.01380939978134 4910719.36067765 3.9243945701222285
0.01756720909634887 46924.78001698011 278.25931420364196 4865110.1955697015 3.938395977865483
0.01764434543698657 46600.621191357306 277.5101849636105 4820131.996668653 3.9523973856087236
0.017721340378057986 46280.152845388264 276.76633720740125 4775771.790469873 3.966398793351946
0.01779819594137449 45963.30689398296 276.0276884385586 4732016.962817011 3.980400201095145
0.017874914117562136 45650.01699986741 275.2941580768688 4688855.246468625 3.99440160883833
0.017951496866771374 45340.21851707574 274.56566740849956 4646274.709246052 4.008403016581501
0.018027946119366853 45033.848436311266 273.8421395286044 4604263.742557229 4.022404424324663
0.018104263776598215 44730.84533198982 273.1234992838508 4562811.050388153 4.036405832067802
0.01818045171125208 44431.14931194687 272.4096732289599 4521905.6387658045 4.050407239810917
0.01825651176828651 44134.70196833388 271.7005895696394 4481536.805575467 4.06440864755401
0.01833244576544897 43841.446330430124 270.99617811928914 4441694.130788111 4.078410055297083
0.01840825549387826 43551.32681905937 270.2963702489487 4402367.467077413 4.092411463040138
0.018483942718691544 43264.289202668624 269.6010988469413 4363546.9307868695 4.106412870783184
0.01855950917955714 42980.28055464655 268.91029826896306 4325222.893148479 4.120414278526211
0.01863495659125401 42699.249212347655 268.2239042898223 4287385.971817115 4.134415686269215
0.018710286644218786 42421.144737118644 267.5418540569243 4250027.022690041 4.148417094012202
0.018785501005080925 42145.91787587254 266.86408602672566 4213137.13185451 4.162418501755178
0.018860601317178684 41873.52052823102 266.1905398717397 4176707.6077865935 4.176419909498136
0.01893558920109709 41603.905692545275 265.5211572502754 4140729.982623546 4.190421317241075
0.019010466255159304 41337.02745153071 264.85588047112594 4105195.99061507 4.204422724984005
0.019085234055910522 41072.84093733393 264.19465246457924 4070097.561468835 4.218424132726912
0.019159894158632087 40811.30227770331 263.5374180202205 4035426.827917056 4.232425540469795
0.0192344480978193 40552.368579878326 262.88412295758854 4001176.1109007397 4.246426948212661
0.019308897387661367 40295.997894676344 262.2347141524237 3967337.9136517835 4.2604283559555025
0.01938324352251745 40042.149185391936 261.5891395149368 3933904.916035002 4.274429763698321
0.01945748797738701 39790.7822986652 260.94734797892863 3900869.968953184 4.288431171441131
0.019531632208373784 39541.857936901906 260.3092894695063 3868226.089038334 4.302432579183931
0.019605677653141897 39295.33763274455 259.67491487867085 3835966.453650667 4.316433986926726
0.019679625731359895 39051.18372661621 259.04417605935924 3804084.396314999 4.3304353946694985
0.01975347784512966 38809.359347124286 258.4170258121642 3772573.402656676 4.344436802412252
0.01982723537939318 38569.82839559339 257.7934178861685 3741427.1067781947 4.358438210154987
0.019900899702312135 38332.555534343854 257.1733069793234 3710639.2882041256 4.372439617897713
0.019974472165613204 38097.50617906707 256.55664876499804 3680203.8694271287 4.38644102564043
0.02004795410489249 37864.646495344154 255.94339991567014 3650114.913921234 4.400442433383143
0.02012134683987455 37633.94339773266 255.33351813032982 3620366.6244689235 4.414443841125849
0.020194651674623816 37405.364550461345 254.72696217506467 3590953.341675579 4.428445248868538
0.020267869897710705 37178.87836721533 254.12369190520187 3561869.5423135655 4.442446656611204
0.02034100278234091 36954.454006853186 253.5236682828987 3533109.8370395936 4.456448064353851
0.020414051586463672 36732.0613614658 252.92685336633414 3504668.967115899 4.470449472096485
0.020487017552884054 36511.6710324287 252.33321027414325 3476541.7996168737 4.484450879839099
0.020559901909412877 36293.25429047403 251.74270310025145 3448723.3206083137 4.4984522875817
0.02063270586909288 36076.78301748054 251.1552967947622 3421208.626255462 4.512453695324287
0.020706022606188434 35861.35882234196 250.56858022091834 3393882.555649488 4.526569135527234
0.02077985363174816 35646.11323035857 249.98019022762188 3366634.6734403833 4.540799038846588
0.02085420045303125 35431.05860844983 249.39014954488073 3339466.5970518193 4.555143831385785
0.020929064574110173 35216.20703700669 248.7984812803547 3312379.899831579 4.569603934613865
0.02100444749621573 35001.570440630785 248.2052098163732 3285376.1350048236 4.584179765283717
0.02108035071700174 34787.16108817799 247.61036301796653 3258456.910427271 4.598871735350334
0.021156775726790037 34572.99293803594 247.01397716728448 3231624.0741559523 4.613680251889033
0.02123372399727221 34359.08491510028 246.41610781612889 3204880.1457206826 4.628605717013782
0.021311196951918555 34145.46870785879 245.81685407384924 3178229.3116537677 4.64364852779552
0.021389195891993215 33932.207402573506 245.21641467984105 3151679.760706903 4.658809076180594
0.021467721813795065 33719.44052653973 244.61522110025228 3125249.268582359 4.674087748909221
0.021546774957363766 33507.49383304316 244.01425870895469 3098978.7253703405 4.6894849274340835
0.021626353692430444 33297.14684687604 243.4158447894976 3072964.9687276613 4.705000987839
0.021706451802031613 33090.27137304838 242.82547804670446 3047438.8957904046 4.720636300757756
0.02178705229576815 32891.192821635785 242.25578058718415 3022931.5735643795 4.7363912312930525
0.021868118337451163 32707.736295855502 241.72969884002256 3000402.114477587 4.752266138935614
0.021949981390904056 32392.563955420028 240.8050764894574 2978903.1982914833 4.7682613774834675
0.022032402330951318 32174.333851570427 240.44348292983295 2956518.6187797473 4.784377294961372
0.02211559551943824 31874.542948269307 240.63194159133067 2932305.533879305 4.8006142335405295
0.022199588409130267 31567.488588895703 240.81468024565098 2907249.930751035 4.81697252945843
0.022284386004673723 31261.921687213468 240.96424048280255 2881920.766948208 4.8334525129389885
0.022369996058607466 30956.86263409432 241.1095848778964 2856550.6796287373 4.8500545081128665
0.02245642501966308 30652.84279479286 241.25489537123568 2831229.9916728865 4.8667788329381345
0.022543673454487632 30351.958110093776 241.38793427528174 2806013.5542857447 4.883625799121146
0.02263174218622616 30054.058995038293 241.51095143036466 2780917.2033726834 4.9005957120377435
0.022720633752769167 29758.514358008113 241.62595856017813 2755923.492488275 4.917688870654775
0.022810348971537563 29465.867242178327 241.729617722968 2731046.2700299155 4.934905567451929
0.022900888149962884 29176.231682298545 241.82656517175886 2706299.141079005 4.952246088343892
0.022992242345736342 28892.48757862352 241.92272738632153 2681679.360937986 4.969710712602922
0.02308439469672249 28616.909760763923 242.02194010088925 2657186.838771537 4.987299712781757
0.023177344169395923 28344.35421265026 242.12141560093394 2632823.819558539 5.0050133546369135
0.023271084700454248 28076.271703441107 242.20746571862782 2608591.7041340275 5.022851897052423
0.023365612012033545 27812.007213946737 242.28590879960578 2584492.139195433 5.040815591963959
0.023460924944048365 27550.5575081153 242.36255277966535 2560526.6826713597 5.058904684283416
0.023557020598752164 27292.363990676946 242.42732145003916 2536696.815727918 5.077119411823973
0.023653897622638666 27036.920100258045 242.4821429444599 2513003.9320759266 5.095460005225611
0.023751555977953732 26783.811511678632 242.52953012018276 2489449.348198544 5.113926687881099
0.023849993000974703 26533.71472083145 242.56058273361387 2466034.3247374445 5.132519675862496
0.023949207639271986 26286.137363708312 242.58006619149486 2442760.073779226 5.151239177848235
0.024049198289873272 26041.18053200133 242.5863304242926 2419627.770955667 5.170085395050668
0.024149964257259002 25798.563467137803 242.58230501058227 2396638.550323338 5.1890585211442035
0.02425150305816359 25558.702201993725 242.56286271396746 2373793.497179094 5.208158742193996
0.024353809815092227 25322.138231505156 242.52123398126724 2351093.6306094006 5.227386236585271
0.024456885057703624 25087.473576892095 242.47378531248398 2328539.887901782 5.246741174953187
0.024560726257445143 24855.424488393146 242.41178733663995 2306133.1387632666 5.266223720113405
0.02466533122732233 24625.861680287715 242.33656368423496 2283874.176930295 5.2858340269931965
0.024770696754242396 24398.98024371683 242.24547661758953 2261763.7254015 5.305572242563284
0.024876820412076443 24174.548463752242 242.14111682024816 2239802.4397597522 5.325438505770308
0.024983699370960243 23952.614572915383 242.02264695710906 2217990.9173509153 5.345432947470006
0.02509133172771179 23732.928538168413 241.89298139945538 2196329.702044837 5.365555690361079
0.025199714303196417 23515.73320984947 241.74883662916025 2174819.29127858 5.385806848919784
0.025308845352615218 23300.676021834246 241.59448940283892 2153460.135035272 5.40618652933527
0.025418722202207387 23087.921528914576 241.4276440960348 2132252.6414921214 5.426694829445638
0.025529343814289077 22877.091770320116 241.25303097179423 2111197.175030586 5.447331838674794
0.0256407077307449 22668.45332285692 241.06702933751166 2090294.061022054 5.468097637970074
0.02575281347555441 22461.57300922806 240.87520696085366 2069543.5818628422 5.488992299740677
0.02586565927956951 22256.68897339089 240.67430945561654 2048945.9826506972 5.510015887796886
0.025979245265179526 22053.40502848088 240.46954746088875 2028501.467980156 5.531168457290162
0.026093570260007578 21851.957192632024 240.25768479020235 2008210.207634408 5.552450054654062
0.02620863511295689 21651.94175205452 240.04416151679123 1988072.333815206 5.573860717546001
0.02632443954639957 21453.561625021655 239.82619358912626 1968087.9473844983 5.5954004747899155
0.02644098522561843 21256.44636522791 239.60890158101338 1948257.1157672629 5.617069346319832
0.026558273493868512 21060.653270190138 239.3915523111831 1928579.8789567356 5.638867343124287
0.026676304460406006 20866.398417973345 239.17113407915255 1909056.2492542733 5.660794467191721
0.026795083436070975 20672.761137347625 238.96077388050702 1889686.208957874 5.682850711456828
0.026914610966439097 20480.584762129143 238.74861463712298 1870469.724301829 5.705036059747795
0.027034893335655324 20288.888506350126 238.5488925816614 1851406.733881358 5.727350486734535
0.02715593509472876 20097.989938450813 238.35730137264682 1832497.1634650046 5.749793957877949
0.027277743177670045 19907.514624713385 238.1796019700319 1813740.922019904 5.77236642938011
0.027400326944939983 19717.101869158203 238.0215414167009 1795137.9077447203 5.795067848135519
0.027523696818117574 19526.62885770144 237.8854894902858 1776688.0140918067 5.817898151683341
0.027647871352106737 19334.875052177034 237.79053124443263 1758391.132615959 5.840857268160716
0.027772872091285112 19141.482530806174 237.7432621443698 1740247.1724426365 5.86394511625713
0.02789873617446283 18944.213366598433 237.7795887494301 1722256.0676320025 5.887161605169808
0.028025516656990948 18740.925188741432 237.9354524036934 1704417.8137671666 5.91050663456025
0.028153301538618582 18526.859759292336 238.28991552163828 1686732.5053219213 5.933980094511816
0.02828224673532379 18292.93103937439 238.99597780167545 1669200.4172579146 5.957581865488435
0.028412663012026038 18018.818137253485 240.40158044943382 1651822.164620391 5.981311818294468
0.028545247682024214 17655.57585062542 243.37335687647393 1634599.0672730007 6.005169814035641
0.028682016306898584 17045.61568972421 250.86939490119988 1617534.0779311243 6.029155704081183
0.02883176961237683 15494.991248770748 278.22990662840033 1600635.0683593613 6.053269330027135
0.028983478824706366 15216.20621282058 280.8434801800048 1583928.2080078872 6.077510523660768
0.029135599003499837 15095.766162812568 280.01122392318183 1567415.1082835128 6.101879106926244
0.029288128198150767 14976.454270943288 279.18183645886603 1551093.2469224306 6.1263748918914676
0.02944106450837102 14858.251863195612 278.3554329794639 1534960.0460051906 6.150997680716152
0.029594406051423196 14741.143785759732 277.5320553990074 1519012.9682231331 6.175747265621107
0.029748150950848068 14625.11620941034 276.7117205045819 1503249.5162506532 6.200623428858725
0.029902297331080335 14510.156022902223 275.89443319744197 1487667.2320972646 6.22562594268477
0.03005606861576413 14396.536797796587 275.08224321522016 1472302.3555057326 6.2506284565110395
0.03020947002742659 14284.512523669278 274.27709728240626 1457188.1207961265 6.275630970337535
0.030362506701979885 14174.046907111937 273.4788752588582 1442318.4030981564 6.3006334841642575
0.03051518368994131 14065.104855596033 272.6874582163704 1427687.277255866 6.325635997991204
0.030667505957864723 13957.652407735137 271.90272891866186 1413289.0097685966 6.3506385118183575
0.030819478389892845 13851.656674583552 271.12457210877653 1399118.0511175431 6.375641025645698
0.030971105789375907 13747.085788364513 270.35287468043117 1385169.0284588647 6.4006435394732275
0.031122392880521522 13643.908856526808 269.5875257757762 1371436.7386595733 6.425646053300924
0.03127334431005452 13542.095919860489 268.8284168355279 1357916.1416602824 6.450648567128774
0.03142396464887139 13441.617913813205 268.07544161671944 1344602.3541415336 6.475651080956782
0.03157425839367919 13342.446632504936 267.32849618885143 1331490.6434857438 6.500653594784946
0.0317242299686125 13244.554694960003 266.58747891470114 1318576.4220087407 6.525656108613269
0.03187388372682414 13147.9155133244 265.85229042060035 1305855.24145346 6.550658622441731
0.03202322395204628 13052.503262829005 265.1228335595831 1293322.7877313364 6.575661136270332
0.03217225486012015 12958.292853296074 264.39901336918484 1280974.8758938857 6.600663650099068
0.03232098060049288 12865.259902130323 263.6807370259425 1268807.445332117 6.625666163927933
0.03246940525768121 12773.380708547496 262.9679137981443 1256816.5551791084 6.650668677756924
0.03261753285270156 12682.632229081231 262.26045499639423 1244998.379920329 6.675671191586035
0.03276536734446688 12592.992054146358 261.5582739239483 1233349.2051887028 6.700673705415262
0.032912912631150024 12504.438385719395 260.8612858268584 1221865.423745429 6.725676219244596
0.033060172551514604 12416.950015964498 260.1694078442998 1210543.531628636 6.750678733074036
0.033207150886212976 12330.50630683155 259.48255895937893 1199380.1244700316 6.775681246903569
0.03335385135905274 12245.08717051033 258.800659950667 1188371.8939655432 6.800683760733195
0.03350027763823178 12160.673050716914 258.12363334455745 1177515.624494662 6.825686274562914
0.03364643333754261 12077.24490477603 257.4514033686126 1166808.1898823832 6.850688788392711
0.03379232201754687 11994.784186445911 256.7838959058096 1156246.550295128 6.875691302222574
0.03393794718672071 11913.272829438345 256.12103845017725 1145827.7492650556 6.900693816052496
0.034083312302571146 11832.693231635229 255.46276006327633 1135548.9108380282 6.9256963298824745
0.03422842077272485 11753.028239915882 254.80899133197985 1125407.2368360648 6.950698843712513
0.0343732759559894 11674.261135611454 254.1596643273973 1115400.0042327861 6.975701357542594
0.03451788116338828 11596.375620529047 253.51471256498243 1105524.5626341049 7.0007038713727106
0.03466223965916989 11519.355803527129 252.87407096566045 1095778.3318595402 7.02570638520287
0.034806354661791016 11443.186187612819 252.23767581836694 1086158.7996206777 7.050708899033053
0.03495022934487637 11367.8516575477 251.6054647434064 1076663.5192912603 7.075711412863253
0.03509386683815366 11293.33746791304 250.97737665701823 1067290.1077637663 7.100713926693468
0.035237270228365716 11219.629231647108 250.35335173715933 1058036.2433918747 7.125716440523692
0.035380442560159805 11146.71290900323 249.7333313900947 1048899.6640107099 7.150718954353921
0.03552338683695498 11074.574796933703 249.1172582181687 1039878.1650350783 7.175721468184158
0.035666106021788026 11003.201518845925 248.5050759884194 1030969.5976278296 7.200723982014397
0.035808603038138445 10932.580014768446 247.89672960233673 1022171.8669415171 7.225726495844626
0.03595088077073341 10862.69753185237 247.29216506639116 1013482.9304235412 7.25072900967484
0.03609294206633284 10793.541615225004 246.69132946351027 1004900.7961857073 7.275731523505027
0.03623478973449557 10725.100099178131 246.09417092548196 996423.521435166 7.300734037335196
0.0363764265483266 10657.361098666908 245.50063860609635 988049.2109626089 7.325736551165345
0.03651785524520639 10590.313001110297 244.9106826551647 979776.0156862215 7.350739064995458
0.03665907852750283 10523.944458490767 244.32425419335385 971602.1312499663 7.375741578825543
0.03680009906326617 10458.244379690228 243.74130528750493 963525.7966706473 7.400744092655591
0.03694091948690749 10393.201923136483 243.16178892688635 955545.2930356584 7.425746606485597
0.0370815423998606 10328.80648971295 242.58565900050277 947658.942246792 7.450749120315557
0.037221970371228534 10265.047715894414 242.01287027478526 939865.1058088021 7.475751634145456
0.037362205938414765 10201.915467112576 241.443378371922 932162.1836605304 7.5007541479753
0.03750225160773948 10139.39983135705 240.87713974890067 924548.6130482025 7.525756661805088
0.03764210985504162 10077.491112978007 240.31411167709535 917022.8674371782 7.550759175634821
0.037781783126267024 10016.179826709871 239.75425222251656 909583.4554620621 7.575761689464498
0.03792127383804291 9955.456691883368 239.19752022663405 902228.919913089 7.600764203294119
0.03806058437823931 9895.312626836472 238.64387528773142 894957.8367573876 7.625766717123689
0.0381997171065175 9835.738743504735 238.0932777428103 887768.8141935042 7.650769230953199
0.03833867435486622 9776.726342189992 237.54568865010108 880660.4917384635 7.675771744782639
0.03847745842812581 9718.266906507914 237.00106977192343 873631.5393459873 7.700774258612024
0.03861607160450022 9660.352098475176 236.45938355817674 866680.6565526401 7.725776772441339
0.038754516136058036 9602.973753787264 235.92059313031177 859806.5716555361 7.75077928627059
0.03889279424922202 9546.123877222959 235.38466226556656 853008.0409145606 7.775781800099771
0.03903090814524824 9489.794638198788 234.8515553819261 846283.8477822206 7.8007843139288955
0.0391688600006941 9433.978366476062 234.32123752331037 839632.8021592814 7.825786827757955
0.03930665196787669 9378.667547991736 233.7936743452596 833053.7396740061 7.85078934158696
0.03944428617532086 9323.854820826453 233.26883210099857 826545.5209853584 7.875791855415909
0.03958176472819769 9269.532971283192 232.7466776279043 820107.0311077053 7.900794369244802
0.03971908970875338 9215.694930122407 232.22717833435294 813737.1787597369 7.925796883073635
0.03985626317672936 9162.333768864759 231.71030218682344 807434.8957307104 7.950799396902408
0.039993287169772976 9109.442696252045 231.19601769760612 801199.1362706753 7.975801910731129
0.04013016370383972 9057.015054783755 230.68429391262345 795028.8764967086 8.000804424559805
0.040266894773586845 9005.044317381806 230.17510039958856 788923.1138204765 8.025806938388419
0.04040348235275892 8953.524084140987 229.66840723665675 782880.8663922356 8.05080945221698
0.04053992839456518 8902.448079180367 229.16418500116112 776901.1725622745 8.075811966045482
0.04067623483204909 8851.810147594488 228.6624047589198 770983.0903602453 8.10081447987393
0.0408124035784502 8801.604252492214 228.16303805344933 765125.6969892178 8.125816993702328
0.040948436527558564 8751.82447212038 227.66605689591768 759328.0883363759 8.150819507530674
0.041084335554062004 8702.464997069057 227.17143375493393 753589.3784971724 8.17582202135896
0.0412201025138862 8653.520127578782 226.67914154691152 747908.6993166067 8.20082453518718
0.04135573924452803 8604.98427089124 226.18915362658856 742285.1999410565 8.225827049015345
0.041491247565381834 8556.851938720076 225.70144377764703 736718.0463869862 8.25082956284345
0.04162662927805962 8509.11774475005 225.21598620379334 731206.421119295 8.275832076671513
0.0417618861667042 8461.776402249343 224.73275552004412 725749.5226454674 8.300834590499521
0.041897019998296696 8414.822721722483 224.2517267440839 720346.5651191415 8.325837104327467
0.04203203252295767 8368.251608635172 223.77287528792783 714996.7779566344 8.350839618155359
0.04216692547424235 8322.05806121575 223.29617694977588 709699.4054653407 8.375842131983195
0.04230170056943009 8276.237168296026 222.82160790609555 704453.7064810895 8.400844645810976
0.04243635950980824 8230.784107235222 222.3491447038774 699258.9540179481 8.4258471596387
0.04257090398095028 8185.6941418928445 221.87876425304705 694114.4349272817 8.450849673466374
0.04270533565298892 8140.962620649894 221.41044381923663 689019.4495664425 8.475852187293992
0.04283965618088344 8096.584974509517 220.94416101645933 683973.3114783341 8.50085470112156
0.04297386720468242 8052.556715209172 220.47989380021573 678975.3470773197 8.525857214949065
0.04310797034978118 8008.8734334346545 220.0176204606186 674024.8953479601 8.550859728776526
0.043241967227174105 7965.5307970355825 219.55731961568947 669121.307548238 8.575862242603925
0.04337585943370278 7922.524549324563 219.0989702049406 664263.9469244919 8.600864756431275
0.04350964855229879 7879.850507400262 218.64255148296516 659452.1884320672 8.625867270258569
0.0436433361522225 7837.50456052709 218.18804301323757 654685.4184648966 8.650869784085815
0.04377692378929695 7795.482668552683 217.73542466205328 649963.0345921044 8.675872297913006
0.043910413006137565 7753.780860374902 217.28467659264382 645284.4453025843 8.700874811740137
0.04404380533237793 7712.395232428214 216.83577925947452 640649.0697549309 8.725877325567213
0.04417710228489079 7671.32194725051 216.38871340240263 636056.3375369384 8.750879839394237
0.04431030536800534 7630.557232038729 215.9434600413751 631505.6884285612 8.775882353221201
0.044443416073720675 7590.097377283092 215.50000047096734 626996.5721740369 8.800884867048115
0.04457643588191499 7549.938735408352 215.05831625513977 622528.4482579937 8.825887380874972
0.044709366260551296 7510.0777194691345 214.6183892220978 618100.785689122 8.850889894701774
0.04484220866587933 7470.510801867166 214.18020145930547 613713.0627887426 8.87589240852852
0.044974964542633736 7431.234513111054 213.74373530850926 609364.7669855566 8.90089492235521
0.04510763532422891 7392.245440591412 213.30897336111295 605055.3946150638 8.92589743618184
0.04524022243295021 7353.540227413512 212.87589845331485 600784.4507256355 8.950899950008415
0.04537272728014184 7315.115571229079 212.4444936615955 596551.4488877448 8.975902463834926
0.04550515126639155 7276.968223120616 212.0147422983608 592355.9110102421 9.000904977661374
0.04563749578171186 7239.094986503694 211.58662790740772 588197.367159918 9.025907491487768
0.045769762205718295 7201.492716056083 211.16013425978022 584075.3553864005 9.050910005314106
0.04590195190780439 7164.158316679046 210.73524534945759 579989.421551408 9.07591251914038
0.046034066247314 7127.088742476515 210.31194538945041 575939.1191624976 9.100915032966597
0.04616610657371017 7090.280995766658 209.89021880764923 571924.0092108715 9.125917546792758
0.04629807422674141 7053.732126116127 209.4700502430498 567943.6600138476 9.150920060618851
0.04642997053660525 7017.439229387468 209.05142454178323 563997.6470599435 9.17592257444488
0.04656179682410882 6981.39944683095 208.6343267535832 560085.5528600788 9.200925088270859
0.04669355440082661 6945.6099641769015 208.21874212789396 556206.9668003449 9.225927602096785
0.04682524456925587 6910.068010761362 207.80465611056684 552361.4849999779 9.250930115922646
0.046956868622969355 6874.770858670448 207.39205434015045 548548.710171939 9.275932629748441
0.04708842784676554 6839.715821904039 206.98092264453655 544768.2514873878 9.300935143574186
0.047219923516816135 6804.900255558732 206.5712470377113 541019.7244435576 9.32593765739987
0.047351356900811485 6770.321555032421 206.16301371632514 537302.7507346862 9.350940171225488
0.04748272925810369 6735.977155241768 205.7562090565465 533616.9581261516 9.375942685051058
0.047614041839846896 6701.86452986969 205.35081961093059 529961.9803319038 9.400945198876562
0.0477452958891359 6667.981190613506 204.94683210540046 526337.4568939485 9.425947712701994
0.04787649264114216 6634.324686479935 204.54423343621318 522743.03306698124 9.450950226527377
0.04800763332324767 6600.892603053791 204.14301066705278 519178.35970252467 9.475952740352705
0.048138719155176785 6567.682561823947 203.74315102615535 515643.09313902626 9.500955254177972
0.04826975134912602 6534.69221949713 203.3446419034637 512136.895092302 9.525957768003183
0.04840073110989164 6501.919267346732 202.94747084784763 508659.4325501571 9.550960281828333
0.04853165963499554 6469.361430555384 202.55162556451063 505210.37766810163 9.575962795653433
0.048662538114808834 6437.016467595431 202.15709391229544 501789.4076690265 9.600965309478479
0.04879336773267374 6404.882169606648 201.76386390102854 498396.2047438762 9.625967823303462
0.048924149665023724 6372.95635979181 201.37192368908748 495030.45595531916 9.65097033712839
0.04905488508150153 6341.2368928346505 200.98126158092478 491691.8531441715 9.675972850953269
0.0491855751450756 6309.721654313791 200.59186602451024 488380.0928363612 9.700975364778094
0.04931622101215474 6278.408560147708 200.20372560912085 485094.8761541129 9.725977878602869
0.049446823832700985 6247.295556041006 199.81682906288182 481835.9087276833 9.75098039242759
0.049577384750340944 6216.380616941698 199.43116525057715 478602.90060950135 9.775982906252258
0.049707904902475356 6185.661746520747 199.04672317131119 475395.56619068276 9.800985420076872
0.04983838542038716 6155.136976651777 198.6634919564252 472213.624119001 9.825987933901429
0.04996882742934791 6124.804366908794 198.28146086729632 469056.7972189166 9.850990447725945
0.05009923204872271 6094.662004071097 197.90061929317582 465924.81241311814 9.875992961550418
0.05022960039207345 6064.7080016424525 197.52095674927787 462817.4006465355 9.900995475374836
0.050359933567260956 6034.940499378607 197.14246287459397 459734.2968112649 9.9259979891992
0.05049023267654549 6005.35766282102 196.76512743003082 456675.23967344326 9.951000503023511
0.05062049881668567 5975.957682850196 196.38894029643734 453639.97180217475 9.976003016847772
0.050750733079036325 5946.738775238934 196.01389147261125 450628.23949933954 10.001005530671991
0.0508809365496447 5917.699180221418 195.639971073567 447639.79273140826 10.026008044496159
0.051011110309345555 5888.837162064012 195.26716932867095 444674.38506266155 10.051010558320275
0.05114125543385498 5860.151008655868 194.89547657977005 441731.77358981984 10.07601307214435
0.05127137299386274 5831.639031100603 194.52488327949095 438811.71887827135 10.101015585968383
0.0514014640551235 5803.299563312298 194.1553799895607 435913.98489918496 10.126018099792375
0.05153152967854687 5775.130961635179 193.78695737902683 433038.3389689233 10.15102061361633
0.0516615709202862 5747.131604452619 193.41960622260893 430184.55168853555 10.176023127440239
0.05179158883182631 5719.299891817827 193.0533173991657 427352.39688575984 10.20102564126411
0.05192158446006984 5691.634245088474 192.68808188994083 424541.65155750536 10.226028155087938
0.05205155884742277 5664.133106564999 192.32389077716198 421752.09581389365 10.251030668911726
0.05218151303187867 5636.794939136175 191.96073524235683 418983.51282286673 10.276033182735473
0.052311448047102 5609.618225944001 191.59860656498284 416235.6887575803 10.30103569655918
0.05244136492251019 5582.601470035641 191.2374961208207 413508.4127424761 10.326038210382853
0.05257126468335482 5555.7431940406 190.8773953805767 410801.47680293076 10.351040724206483
0.05270114835080182 5529.041939841867 190.51829590850053 408114.67581428285 10.376043238030075
0.052831016942010645 5502.496268262227 190.16018936086533 405447.8074526878 10.40104575185364
0.05296087147021237 5476.104758746789 189.80306748475456 402800.6721466295 10.426048265677169
0.053090712944787136 5449.866009066168 189.44692211660723 400173.0730300381 10.451050779500678
0.053220542371340246 5423.778635011226 189.091745180877 397564.8158954696 10.47605329332416
0.05335036075177776 5397.841270102531 188.73752868878717 394975.7091490352 10.501055807147608
0.05348016908438113 5372.052565301401 188.38426473706997 392405.56376588345 10.526058320971035
0.05360996836388072 5346.411188729657 188.031945506656 389854.1932467659 10.551060834794432
0.053739759581528754 5320.91582539199 187.68056326142246 387321.41357523395 10.576063348617799
0.05386954372517141 5295.565176905639 187.3301103470614 384807.043175978 10.601065862441141
0.0539993217793199 5270.357961235003 186.98057918992166 382310.9028739718 10.62606837626446
0.05412909472522093 5245.292912433351 186.6319622956686 379832.8158542224 10.651070890087757
0.05425886354092632 5220.36878038295 186.28425224835982 377372.6076225527 10.676073403911033
0.054388629201361886 5195.584330549419 185.9374417091421 374930.10596714437 10.701075917734297
0.0545183926783956 5170.938343730321 185.59152341528073 372505.1409206285 10.726078431557546
0.05464815494090493 5146.429615820561 185.24649017901433 370097.54472347745 10.751080945380787
0.05477791695484345 5122.056957573382 184.9023348864108 367707.1517874391 10.776083459204015
0.05490767968330705 5097.819194361934 184.55905049645966 365333.79865978425 10.801085973027227
0.055037444086599004 5073.715165965546 184.21663003999416 362977.3239894154 10.826088486850422
0.055167211122294876 5049.743726330283 183.87506661863543 360637.5684914682 10.851091000673605
0.05529698174530633 5025.903743361815 183.5343534038053 358314.374914733 10.876093514496786
0.05542675690794449 5002.194098706884 183.19448363580176 356007.58800867165 10.901096028319957
0.055556537559982695 4978.613687538504 182.85545062281852 353717.0544909299 10.926098542143128
0.05568632464871864 4955.161418354106 182.51724773992547 351442.62301603646 10.951101055966294
0.05581611911903585 4931.836212769528 182.17986842826403 349184.1441444711 10.97610356978946
0.05594592191346467 4908.637005317848 181.84330619404625 346941.47031204705 11.001106083612623
0.05607573397224257 4885.5627432582105 181.50755460767536 344714.45580051455 11.026108597435774
0.05620555623337405 4862.612386379565 181.17260730286839 342502.95670808485 11.051111111258926
0.05633538963268986 4839.784906813212 180.8384579757874 340306.8309208838 11.07611362508208
0.056465235103905685 4817.079288846636 180.50510038416328 338125.93808475626 11.101116138905235
0.056595093578680415 4794.494528743091 180.17252834648644 335960.1395778675 11.126118652728398
0.05672496598667379 4772.029634564739 179.84073574113856 333809.2984837179 11.151121166551572
0.05685485325560363 4749.683625986912 179.50971650567644 331673.27956403035 11.176123680374758
0.05698475631130256 4727.455534141985 179.17946463592546 329551.9492336959 11.201126194197943
0.057114676077774346 4705.344401433443 178.84997418528638 327445.1755341807 11.226128708021136
0.05724461347724957 4683.349281383061 178.52123926386514 325352.8281092504 11.251131221844345
0.05737456943024115 4661.469238456428 178.19325403782554 323274.77817974536 11.276133735667567
0.05750454485559893 4639.7033479154725 177.86601272856635 321210.8985202339 11.301136249490803
0.05763454067056452 4618.050695644586 177.53950961199743 319161.06343411095 11.326138763314052
0.05776455779082505 4596.510378013713 177.21373901776974 317125.14873164106 11.351141277137321
0.05789459713056704 4575.081501710066 176.88869532869887 315103.031706082 11.376143790960608
0.05802465960252944 4553.763183600311 176.56437297993608 313094.5911118135 11.401146304783904
0.05815474611805666 4532.554550579545 176.24076645828924 311099.7071422417 11.426148818607208
0.05828485758715097 4511.454739425081 175.9178703016098 309118.2614079632 11.451151332430518
0.05841499491852473 4490.462896656823 175.5956790980826 307150.1369156982 11.476153846253842
0.058545159019652064 4469.578178399139 175.27418748554769 305195.21804748586 11.50115636007719
0.058675350796820146 4448.799750243741 174.95339015090534 303253.3905402799 11.526158873900556
0.05880557115518044 4428.126787110922 174.6332818294103 301324.54146544944 11.55116138772394
0.058935820998799356 4407.558473124713 174.31385730412018 299408.55920966866 11.576163901547343
0.05906610123070869 4387.094001475291 173.99511140520474 297505.3334548879 11.601166415370765
0.059196412752955785 4366.732574295962 173.67703900941643 295614.75515973766 11.626168929194208
0.05932675646665322 4346.473402537456 173.35963503936964 293736.71654063254 11.651171443017676
0.059457133272028354 4326.31570584479 173.04289446309718 291871.11105363705 11.676173956841176
0.059587544068472574 4306.258712429145 172.7268122933404 290017.8333757639 11.701176470664699
0.05971798975459018 4286.301658961615 172.41138358708105 288176.77938823705 11.726178984488246
0.05984847122824708 4266.443790442067 172.09660344488225 286347.84615813184 11.75118149831181
0.05997898938661927 4246.684360094405 171.78246701040936 284530.9319218861 11.7761840121354
0.06010954512624101 4227.022629245295 171.46896946984515 282725.9360680446 11.80118652595902
0.06024013934305247 4207.457867219947 171.15610605133966 280932.75912116433 11.826189039782664
0.06037077293244776 4187.989351226946 170.8438720244994 279151.30272525596 11.85119155360634
0.0605014467893222 4168.61636624974 170.53226269986817 277381.4696277579 11.876194067430044
0.060632161808119596 4149.338204946021 170.22127342840588 275623.1636642064 11.901196581253785
0.06076291888287914 4130.154167541213 169.91089960093373 273876.28974260186 11.926199095077555
0.06089371890728239 4111.0635617215885 169.60113664777055 272140.7538281595 11.951201608901352
0.061024562774699836 4092.065702538869 169.29198003803978 270416.46292850794 11.97620412272518
0.0611554513782372 4073.1599123115157 168.98342527936015 268703.32507933537 12.001206636549043
0.061286385610781834 4054.345520517964 168.67546791728284 267001.2493292621 12.026209150372937
0.06141736636504867 4035.6218637131856 168.36810353482534 265310.14572655567 12.051211664196863
0.06154839453362616 4016.9882854261296 168.0613277520218 263629.9253046969 12.076214178020832
0.06167947100902202 3998.4441360670535 167.75513622543872 261960.50006869214 12.101216691844838
0.06181059668370873 3979.988772838551 167.4495246477581 260301.782981843 12.126219205668885
0.06194177245016907 3961.6215596441366 167.14448874734458 258653.68795244923 12.15122171949297
0.06207299920094122 3943.3418670038677 166.84002428767704 257016.1298209102 12.176224233317097
0.06220427782866418 3925.149071956526 166.53612706713514 255389.0243465284 12.20122674714126
0.062335609226122635 3907.042557985193 166.2327929183725 253772.28819542186 12.226229260965464
0.06246699428629188 3889.0217149274545 165.93001770795632 252165.83892788313 12.25123177478971
0.06259843390238272 3871.0859388903655 165.62779733607388 250569.59498624998 12.276234288614008
0.06272992896788587 3853.2346321780788 165.3261277358846 248983.4756832486 12.301236802438348
0.0628614803766169 3835.467203195626 165.02500487336317 247407.4011895125 12.326239316262726
0.06299308902276061 3817.783066384654 164.72442474669052 245841.29252272073 12.351241830087153
0.06312475580091544 3800.181642137979 164.42438338608224 244285.07153601092 12.376244343911631
0.06325648160613756 3782.662356724032 164.12487685310106 242738.66090646182 12.401246857736156
0.06338826733398559 3765.224642211513 163.82590124060886 241201.98412453037 12.426249371560731
0.06352011388056443 3747.8679363932984 163.52745267214954 239674.96548278304 12.451251885385364
0.06365202214256961 3730.591682716112 163.22952730171644 238157.5300656037 12.476254399210045
0.0637839930173312 3713.395330210335 162.932121313217 236649.60373860592 12.501256913034789
0.06391602740285787 3696.2783334082405 162.63523092032898 235151.11313788328 12.526259426859582
0.06404812619788103 3679.2401522864516 162.33885236600383 233661.98566047783 12.551261940684432
0.06418029030189863 3662.2802521931876 162.04298192212593 232182.14945415832 12.576264454509342
0.06431252061521912 3645.3981037749213 161.7476158892029 230711.53340714684 12.601266968334302
0.06444481803900536 3628.5931829178935 161.4527505959819 229250.06713922005 12.62626948215932
0.06457718347531856 3611.864970674963 161.15838239913427 227797.68099132754 12.651271995984397
0.06470961782716211 3595.212953208131 160.8645076829713 226354.30601704167 12.676274509809538
0.06484212199852547 3578.636621717364 160.57112285896207 224919.87397253377 12.701277023634749
0.06497469689442788 3562.1354723836976 160.27822436561297 223494.31730814383 12.726279537460016
0.06510734342096257 3545.7090063029345 159.9858086679587 222077.56915891176 12.751282051285347
0.06524006248534038 3529.356729429717 159.6938722573704 220669.56333624793 12.77628456511075
0.0653728549959338 3513.0781525112343 159.4024116511813 219270.23431878386 12.80128707893622
0.06550572186232087 3496.872791030533 159.11142339242494 217879.51724404897 12.826289592761757
0.06563866399532917 3480.7401651547675 158.82090404945077 216497.3479003885 12.851292106587362
0.0657716823070798 3464.679799665996 158.53085021569728 215123.66271801898 12.876294620413042
0.06590477771103152 3448.6912239121425 158.24125850938285 213758.39876134897 12.901297134238785
0.06603795112202479 3432.7739717498307 157.95212557318195 212401.4937208258 12.9262996480646
0.06617120345632599 3416.927581491244 157.6634480739873 211052.88590520696 12.951302161890483
0.06630453563167152 3401.1515958452737 157.3752227024888 209712.51423331947 12.976304675716442
0.0664379485673124 3385.4455618675465 157.08744617313607 208380.31822689853 13.001307189542482
0.06657233165367325 3369.756996678542 156.79915766858718 207051.8355129749 13.026476054598492
0.06670770934758943 3354.0333315022763 156.50938362303634 205722.62637746308 13.051815362191803
0.06684410657592636 3338.272966211119 156.2180824892889 204392.5790052596 13.077329271627868
0.06698154875047373 3322.4742996476925 155.92521217558343 203061.58261864595 13.103022012149722
0.06712006178330131 3306.635729352839 155.6307300280009 201729.52747161672 13.128897884923834
0.06725967210259692 3290.7556512902142 155.3345928123183 200396.30484477174 13.154961265073917
0.06740040666900524 3274.8324596044527 155.03675669559996 199061.80704347885 13.181216603764222
0.06754229299248875 3258.8645463678836 154.7371772273465 197725.92739618255 13.207668430333879
0.06768535914973298 3242.8503013489 154.43580932035758 196388.56025525642 13.23432135448391
0.06782963380211851 3226.7881117938855 154.13260723096286 195049.60099952147 13.261180068518673
0.06797514621428363 3210.6763622130097 153.82752453905448 193708.94603833693 13.288249349643355
0.06812192627330327 3194.5134341808844 153.52051412748042 192366.49281748637 13.315534062319422
0.06827000450850988 3178.2977061435254 153.21152816111183 191022.13982671557 13.34303916067978
0.06841941211198403 3162.0275532554283 152.90051806527646 189675.7866100918 13.37076969100558
0.06857018095974399 3145.7013471991345 152.58743450381397 188327.3337765619 13.398730794266685
0.06872234363366364 3129.3174560471425 152.27222735652995 186976.68301421413 13.42692770872767
0.06887593344415148 3112.874244117058 151.95484569613456 185623.7371052537 13.455365772621583
0.06903098445362374 3096.3700718495325 151.6352377646149 184268.39994384086 13.48405042689357
0.06918753150080646 3079.80329569773 151.31335094896056 182910.5765553774 13.512987218016537
0.06934561022590385 3063.172268031484 150.98913175635744 181550.17311845673 13.54218180088123
0.06950525709667106 3046.4753370555222 150.66252578871354 180187.0969886622 13.57163994176296
0.06966650943543273 3029.710846744741 150.33347771644117 178821.2567247062 13.601367521367525
0.06982940544708956 3012.8771367943323 150.00193125171097 177452.562116959 13.631370537958775
0.06999245342991543 2996.0515334913034 149.66939302880917 176087.32696153733 13.66137355455002
0.07015565507413729 2979.3110120863244 149.33738370125377 174731.78526859425 13.691376571141275
0.07031901207584358 2962.654969802527 149.005898568634 173385.8573367986 13.721379587732557
0.07048252613710616 2946.0828102383903 148.67493296509423 172049.464338495 13.751382604323876
0.07064619896610325 2929.593943281914 148.34448225855857 170722.5283072656 13.781385620915236
0.07081003227724307 2913.187785022192 148.01454185046225 169404.97212597652 13.811388637506635
0.07097402779128846 2896.8637576690207 147.6851071751663 168096.71951509154 13.841391654098073
0.07113818723548203 2880.6212894706873 147.35617369958516 166797.69502120273 13.871394670689556
0.07130251234367253 2864.459814631687 147.02773692260885 165507.82400545743 13.901397687281074
0.0714670048564417 2848.3787732391847 146.69979237457994 164227.0326326691 13.931400703872612
0.0716316665212328 2832.377611173102 146.3723356171412 162955.24785992742 13.961403720464167
0.07179649909247915 2816.4557800446632 146.04536224236725 161692.39742628767 13.991406737055737
0.07196150433173426 2800.6127371095345 145.71886787270236 160438.40984185314 14.021409753647319
0.0721266840078029 2784.8479451952658 145.39284816022413 159193.21437713757 14.051412770238903
0.07229203989687283 2769.160872634821 145.06729878634826 157956.74105331858 14.081415786830481
0.07245757378264825 2753.550993186106 144.7422154613863 156728.92063161352 14.111418803422051
0.07262328745648355 2738.017785967563 144.41759392409185 155509.68460368484 14.141421820013614
0.07278918271751884 2722.560735382991 144.0934299412847 154298.96518157926 14.171424836605166
0.07295526137281612 2707.179331058215 143.76971930734297 153096.69528832426 14.201427853196698
0.07312152523749697 2691.8730677696203 143.44645784386313 151902.808548298 14.231430869788209
0.0732879761348814 2676.6414453800744 143.1236413992601 150717.23927805954 14.261433886379702
0.07345461589662755 2661.483968771251 142.8012658483185 149539.9224770085 14.291436902971169
0.07362144636287318 2646.4001477806864 142.4793270918 148370.79381845787 14.321439919562607
0.07378846938237811 2631.389497138671 142.1578210560876 147209.78964081174 14.351442936154017
0.07395568681266801 2616.4515364043423 141.83674369276324 146056.84693871756 14.381445952745397
0.0741231005201797 2601.585789905453 141.51609097820327 144911.90335452557 14.411448969336748
0.07429071238040752 2586.7917866776993 141.19585891322998 143774.89716985295 14.441451985928074
0.07445852427805148 2572.069060402977 140.87604352273354 142645.76729713567 14.47145500251937
0.07462653810716662 2557.417149352901 140.5566408553356 141524.45327158307 14.501458019110638
0.07479475577131382 2542.835596332907 140.2376469828861 140410.89524310612 14.531461035701888
0.07496317918371222 2528.323948618323 139.9190580002368 139305.0339681145 14.561464052293104
0.07513181026739323 2513.8817579066294 139.60087002481072 138206.81080211577 14.591467068884299
0.07530065095535585 2499.5085802568306 139.28307919625013 137116.16769172103 14.621470085475467
0.07546970319072414 2485.203976034459 138.9656816761119 136033.04716708278 14.651473102066623
0.07563896892690561 2470.9675098627545 138.64867364739925 134957.39233460673 14.681476118657763
0.07580845012775181 2456.798750566555 138.3320513143544 133889.14686954464 14.711479135248887
0.07597814876772052 2442.69727111821 138.01581090200384 132828.25500855525 14.741482151839993
0.07614806683203963 2428.662648592749 137.69994865584562 131774.66154297153 14.771485168431091
0.07631820631687289 2414.694464109574 137.38446084158696 130728.31181141829 14.801488185022178
0.07648856922948746 2400.7923027887373 137.069343744686 129689.15169314276 14.83149120161326
0.07665915758842323 2386.955753699698 136.7545936700935 128657.12760115627 14.861494218204331
0.07682997342366414 2373.1844098138067 136.44020694193242 127632.18647559086 14.891497234795393
0.07700101877681166 2359.477867953364 136.12617990312447 126614.2757768821 14.921500251386453
0.07717229570125969 2345.8357287510057 135.8125089150749 125603.34347963192 14.951503267977508
0.07734380626237225 2332.2575965978663 135.49919035743147 124599.33806596759 14.981506284568566
0.07751555253766253 2318.7430795989626 135.1862206276681 123602.2085192137 15.011509301159615
0.07768753661697451 2305.291789533945 134.87359614077428 122611.90431800272 15.041512317750671
0.0778597606026667 2291.9033418033655 134.5613133290242 121628.37542970738 15.071515334341727
0.07803222660979774 2278.5773553935064 134.2493686416367 120651.57230485823 15.101518350932787
0.07820493676631461 2265.3134528306846 133.93775854437612 119681.44587099005 15.13152136752385
0.07837789321324334 2252.111260134621 133.62647951942407 118717.94752670712 15.161524384114921
0.0785510981048813 2238.9704067845123 133.3155280649021 117761.02913621493 15.191527400706002
0.07872455360899257 2225.890525672116 133.00490069468174 116810.64302342181 15.221530417297087
0.07889826190700557 2212.8712530639596 132.69459393810536 115866.74196651684 15.251533433888177
0.07907222519421311 2199.9122285586177 132.3846043395822 114929.27919223216 15.281536450479269
0.07924644567997498 2187.013095052228 132.07492845836148 113998.20837073655 15.311539467070368
0.07942092558792337 2174.1734986935617 131.76556286833022 113073.48361003201 15.341542483661476
0.07959566715617038 2161.393088851869 131.45650415753016 112155.05945086817 15.371545500252587
0.07977067263751908 2148.671518073563 131.14774892810686 111242.8908614353 15.40154851684371
0.07994594429967655 2136.008442049209 130.8392937958342 110336.93323233002 15.431551533434837
0.08012148442547008 2123.403519575477 130.53113538991414 109437.1423715068 15.461554550025978
0.08029729531306631 2110.856412516915 130.22327035276814 108543.47449925549 15.491557566617118
0.08047337927619323 2098.3667857746436 129.9156953396176 107655.88624343388 15.521560583208268
0.08064973864436516 2085.9343072466017 129.60840701837543 106774.33463452506 15.551563599799428
0.08082637576311057 2073.5586477963348 129.30140206921138 105898.7771009482 15.581566616390594
0.0810032929942036 2061.239481216275 128.99467718442733 105029.17146434804 15.611569632981764
0.08118049271589811 2048.9764841976485 128.68822906815754 104165.47593514412 15.641572649572947
0.08135797732316534 2036.7693362917544 128.38205443601623 103307.64910763045 15.671575666164138
0.08153574922793491 2024.6177198814053 128.076150014993 102455.64995582652 15.70157868275534
0.08171381085933899 2012.5213201479169 127.77051254305148 101609.43782892132 15.731581699346549
0.08189216466396013 2000.4798250377478 127.46513876899323 100768.97244700306 15.761584715937767
0.08207081310608277 1988.4929252284169 127.16002545203862 99934.21389653829 15.791587732528988
0.082249758667948 1976.560314103867 126.85516936172996 99105.12262647906 15.821590749120212
0.08242900385001228 1964.6816877172319 126.55056727767365 98281.65944373146 15.85159376571144
0.0826085511712095 1952.8567447678513 126.2462159892461 97463.78550938159 15.881596782302674
0.08278840316921733 1941.085186565135 125.94211229545762 96651.46233438415 15.911599798893919
0.08296856240072693 1929.3667170041442 125.63825300458954 95844.65177573658 15.941602815485169
0.08314903144171737 1917.7010425314413 125.33463493405314 95043.31603233698 15.971605832076419
0.08332981288773351 1906.0878721203896 125.03125491022024 94247.41764134157 16.001608848667672
0.08351380672782802 1894.4344458726039 124.72568042843947 93450.60392608005 16.032091456609734
0.08370105443482621 1882.6495018362245 124.41548164748671 92646.68342799191 16.063057504508645
0.08389159782855368 1870.7338338142665 124.10062801350917 91835.78161110685 16.094510781882146
0.08408547908321269 1858.6882996764464 123.78108956321267 91018.02908169103 16.126455016814056
0.08428274073529107 1846.5138216212881 123.45683693379107 90193.56155727245 16.15889387360226
0.08448342569202834 1834.2113863867871 123.12784137213994 89362.5198298348 16.1918309504017
0.08468757724046526 1821.7820454044172 122.7940747437014 88525.04972316319 16.22526977686372
0.08489523905710351 1809.2269148945609 122.45550954058896 87681.30204405436 16.259213811773193
0.08510645521820466 1796.547175905324 122.1121188891681 86831.43252764079 16.29366644068488
0.08532127021075585 1783.7440742964493 121.76387655694809 85975.60177686684 16.328630973560433
0.08553972894413525 1770.8189206560548 121.41075695888519 85113.97519561872 16.364110642407553
0.08576187676250677 1757.7730901671127 121.05273516308267 84246.7229164012 16.400108598922795
0.08598775945797912 1744.608022406189 120.68978689569934 83374.0197216338 16.436627912139542
0.08621742328456292 1731.3252210871447 120.32188854528887 82496.04495941021 16.473671566082643
0.08645091497296277 1717.926253739671 119.94901716652203 81612.98245325948 16.511242457431358
0.08668828174624219 1704.4127513293058 119.57115048312143 80725.02040621852 16.549343393192053
0.08692957133640157 1690.7864078142454 119.18826689025114 79832.35129921806 16.587977088382353
0.08717483200191084 1677.048979640008 118.80034545615494 78935.17178380399 16.627146163728273
0.08742411254624094 1663.202285172851 118.40736592327868 78033.68256947694 16.666853143375977
0.08767746233744061 1649.2482040706136 118.009308708695 77128.08830558002 16.70710045261976
0.08793493132880682 1635.1886765909421 117.60615490400416 76218.59745794475 16.747890415647902
0.08819657008070124 1621.0257028335598 117.19788627479988 75305.42218029703 16.789225253308075
0.0884624297835657 1606.7613419258555 116.78448525946624 74388.77818085383 16.831107080893844
0.0887325622821955 1592.397711138779 116.36593496795358 73468.88458397397 16.873537905954077
0.0890070201013307 1577.9369849403204 115.94221917996357 72545.96378701123 16.916519626126743
0.08928585647263054 1563.3813939860324 115.51332234342892 71620.24131293321 16.960054026998947
0.0895691253630995 1548.7332240408396 115.0792295728824 70691.94565831817 17.004142779994737
0.0898568815050393 1533.9948148329984 114.63992664828858 69761.30813741719 17.04878744029242
0.09014918042760621 1519.1685588342243 114.19540001483328 68828.5627221651 17.09398944477301
0.09044607849005713 1504.2568999720309 113.74563678363765 67893.94587856503 17.139750110001533
0.0907476329167789 1489.2623322520922 113.29062473496373 66957.6963993698 17.186070630242803
0.09105390183419863 1474.1873983026624 112.83035232394538 66020.05523372782 17.232952075513342
0.0913649443096876 1459.0346878111402 112.36480869100548 65081.26531360409 17.28039538967111
0.09168082039257976 1443.8068358485414 111.89398367796701 64141.57137734078 17.328401388544652
0.09200159115744493 1428.5065210482055 111.41786785381714 63201.219790830444 17.376970758103376
0.09232731874977584 1413.1364636023677 110.93645255337981 62260.458366195955 17.426104052670485
0.09265806643427917 1397.699423013156 110.44972993580424 61319.53617837368 17.475801693180248
0.0929938986460039 1382.1981954962996 109.95769307396364 60378.703380131185 17.526063965481146
0.0933348810446107 1366.6356108612495 109.46033609163328 59438.21101520683 17.57689101868657
0.09368108057219915 1351.0145285616552 108.95765438083242 58498.31083047099 17.628282863574533
0.09403256551532177 1335.337832321621 108.44964495818586 57559.25508688837 17.680239371038
0.09438940557222941 1319.6084221241147 107.93630708269605 56621.29637001391 17.732760270587345
0.09475167192733319 1303.8292007469063 107.41764341394797 55684.68739998338 17.785845148906443
0.09511943733733413 1288.0030473172249 106.89366245504537 54749.68084178904 17.83949344846387
0.09549277624171468 1272.132752308498 106.36438478592171 53816.52911604343 17.89370446618067
0.09587176495244612 1256.2207812237668 105.82986596817973 52885.48421159193 17.948477352156154
0.09626022844956206 1228.2593975968773 106.47996171519911 51956.79814348368 18.003811108453043
0.09666462123022457 1182.0365415955569 109.09804038205185 51030.866164401596 18.05970458794343
0.09707499474151854 1166.5729247021752 108.52696236586718 50108.319441585176 18.11615649321682
0.09749142794145778 1151.0941763306748 107.95034487557248 49189.40331858585 18.173165375551623
0.09791400187875593 1135.6026606193768 107.36827087914672 48274.359310792795 18.230729633951302
0.09834279964244126 1120.1011864735128 106.78077807533055 47363.42671693375 18.288847514246523
0.09877790640475637 1104.5927282423252 106.18788768093631 46456.84244322297 18.34751710826434
0.0992194094762766 1089.0803875087706 105.58960775447783 45554.84082779142 18.406736353065796
0.09966739833282497 1073.567456953077 104.98592526083569 44657.65348559112 18.466503030252845
0.1001219646931342 1058.057288153973 104.37682023127681 43765.509194310696 18.52681476534586
0.10058320299303833 1042.5523939124246 103.7623682079524 42878.633626658244 18.58766902723265
0.10105121117326842 1027.0538815591997 103.14198325311848 41997.24878725272 18.64906312769003
0.10152608868186178 1011.567625357653 102.51702069204254 41121.57424021212 18.710994220978932
0.10200793786352606 996.0966042036825 101.8866603367915 40251.82536279199 18.77345930351386
0.10249686420639538 980.6435957622183 101.25094481694795 39388.2139753624 18.836455213607668
0.10299297639582455 965.2115966957916 100.60989056448754 38530.94812208049 18.89997863129238
0.10349638643046448 949.8036907055681 99.96350203608179 37680.2318948574 18.9640260782169
0.10400720978155512 934.422972094167 99.31178020593883 36836.265300992505 19.028593917622203
0.10452556557171971 919.072524418981 98.65472479964245 35999.24414017467 19.093678354394825
0.10505157676635678 903.7554154702619 97.99233461772606 35169.359885300124 19.159275435199117
0.10558537037701114 888.4746951895642 97.32460750002191 34346.79956816011 19.22538104868887
0.1061270776774409 873.2333939409425 96.65154024108892 33531.745670537515 19.291990925798867
0.10667683443332424 858.034520845024 95.9731284953996 32724.376021113287 19.3591006401167
0.1072347811466425 842.8810621637523 95.28936667459129 31924.86369817798 19.42670560833531
0.10780106331587086 827.7759797365832 94.60024783717445 31133.376938348883 19.49480109078656
0.10837583171322275 812.722209455146 93.90576357106274 30350.079051039593 19.563382192056128
0.10895924268031085 797.7226597784661 93.20590386902362 29575.128338959705 19.632443861679903
0.10955145844372992 782.7802102768164 92.50065699733162 28808.67802442306 19.70198089492207
0.1101526474522085 767.8977102098848 91.79000935734354 28050.876181759744 19.771987933634993
0.11075883211879067 753.1285150341696 91.07640186648564 27304.410383285827 19.84198205551598
0.11137013795453536 738.5222362252391 90.36220942085004 26571.70059519881 19.91196359512054
0.11198669486925594 724.0771518204655 89.64736712640209 25852.545461922924 19.981932886824588
0.11260863739142472 709.7915719507423 88.93180856334303 25146.747393087033 20.05189026482927
0.1132361049020536 695.6638382037715 88.21546570971084 24454.112484280886 20.12183606316574
0.11386924188363841 681.6923230141814 87.49826886100159 23774.450440481287 20.191770615699923
0.11450819818536488 667.8754290665834 86.78014654504578 23107.574501482108 20.261694256137332
0.11515312930589713 654.2115887029368 86.06102543138088 22453.301368906436 20.33160731802782
0.1158041966952112 640.6992633194883 85.34083023467385 21811.45113427896 20.40151013477035
0.11646156807708183 627.3369427531038 84.6194836117113 21181.84720818217 20.471403039617805
0.11712541779399627 614.1231446514989 83.89690605212542 20564.31625048897 20.54128636568169
0.11779592717644609 601.056413833544 83.17301576298173 19958.68810205777 20.611160445936942
0.11847328493874472 588.1353216418331 82.44772854799041 19364.795718247715 20.681025613226687
0.11915768760373843 575.3584652938073 81.7209576821746 18782.47510472984 20.750882200266975
0.11984933995903 562.7244672303697 80.99261378328121 18211.565255866914 20.820730539651546
0.12054845554762059 550.2319744599453 80.26260468142192 17651.908095900766 20.89057096385659
0.1212552571962104 537.8796578854863 79.53083528929753 17103.348422965533 20.96040380524546
0.12196997758479108 525.6662115934338 78.79720747644053 16565.73385582992 21.030229396073473
0.12269285986162483 513.5903520733057 78.06161995249411 16038.91478318252 21.1000480684926
0.1234241583082677 501.6508173138061 77.32396816834671 15522.744315167643 21.16986015455624
0.12416413905998504 489.84636569651155 76.58414424957188 15017.078236981908 21.239665986223933
0.12491308088779507 478.17577455263097 75.84203698725896 14521.774964258853 21.309465895366117
0.12567127604959333 466.6378381469204 75.0975319323122 14036.69550008081 21.379260213768852
0.12643903121960343 455.2313646500526 74.35051168089116 13561.703393624559 21.449049273138545
0.12721666850841787 443.95517118188934 73.60085653276559 13096.664700361374 21.518833405106687
0.12800452659178696 432.80807481883164 72.84844593828683 12641.447944065674 21.588612941234594
0.12880296198050947 421.7888738721501 72.0931618360058 12195.924080849954 21.658388213018096
0.1296123505087779 410.89630006888314 71.33489754203649 11759.966465858357 21.72815955189229
0.1304330893425762 400.12884097830243 70.5735905133241 11333.450824073883 21.797927289236267
0.1312688819558419 387.94522937096747 70.11471681952683 10916.255336128848 21.867691756377816
0.13185990648217258 361.7728294485683 73.37213017031924 10576.271205597086 21.91419987647777
0.13256481426889977 300.3511446421799 88.39587069561202 10308.587277532437 21.960706692718524
0.133403352407121 249.55770497762543 105.98816172141653 10046.003671336268 22.00721220513663
0.134689551369228 240.18925880569932 106.74279716791185 9725.300476696752 22.07696884919548
0.13598752782323284 233.48043231322077 105.59294326201092 9353.75700249645 22.1467235479445
0.13729753953624577 226.93591641197378 104.45056849764904 8995.078144346222 22.21647663252579
0.1386198551677988 220.55095274331063 103.31568884387251 8648.815538647568 22.286228434058483
0.1399547534564016 214.3211695984101 102.18821142842363 8314.538083226002 22.35597928364341
0.14130252321705716 208.24241732682512 101.06800585890254 7991.831197284443 22.42572951236787
0.14266346358300735 202.31071776059974 99.95492451209665 7680.296112110545 22.495479451310306
0.14403788436302475 196.52224058294794 98.84881081746174 7379.549193659514 22.56522943154505
0.14542610647154924 190.87328927660877 97.7495033487685 7089.221296414199 22.634979784147003
0.14682846241477315 185.36029136866017 96.65683809465439 6808.957147426703 22.704730840196394
0.14824529682560708 179.97979093973782 95.57064981233817 6538.414759254058 22.77448293078344
0.1496769670448863 174.728442481831 94.4907728660557 6277.264870439578 22.844236387013098
0.15112384374846094 169.60300564077707 93.41704174965822 6025.190412239787 22.913991540009786
0.1525863116211737 164.60034058204548 92.34929140251799 5781.886000289354 22.983748720922073
0.15406477007965044 159.71740382197103 91.28735738293057 5547.057449984141 23.05350826092741
0.15555963404654966 154.95124441906813 90.23107594033151 5320.421314363542 23.123270491236834
0.1570713347795347 150.29900045451362 89.1802840138661 5101.704443390307 23.193035743099713
0.15860032075881758 145.7578957494058 88.1348191766538 4890.643563524346 23.262804347808437
0.1601470586377025 141.32523678042975 87.09451953991982 4686.98487657457 23.33257663670315
0.16171203426115027 136.99840976526426 86.05922362690139 4490.483676849647 23.402352941176463
0.1632957537580066 132.77487789599118 85.02877022391844 4300.903985696814 23.47213359267819
0.1648987333351181 128.65219332599833 84.00300188794351 4118.018847356087 23.541918430466136
0.1665215113484641 124.62799240996883 82.98176455856638 3941.6098597540467 23.611707293769147
0.16816464961640978 120.699978280318 81.9649037792719 3771.466177776162 23.68150002178822
0.16982873483290245 116.8659186915596 80.95226450454054 3607.3842229443994 23.751296453697606
0.17151438008993314 113.12364394942018 79.94369089645592 3449.1674055900735 23.821096428645944
0.1732222265196408 109.47104491992678 78.93902611098082 3296.6258589403205 23.890899785757338
0.17495294506762957 105.90607111416088 77.93811207325587 3149.57618454242 23.960706364132495
0.17670723841040803 102.42672884532136 76.94078924112618 3007.8412085007853 24.03051600284983
0.17848584303138307 99.03107945494749 75.94689635561099 2871.2497480156526 24.100328540966583
0.18028953147156843 95.7172376053457 74.9562701770081 2739.636387744598 24.17014381751993
0.18211911477313467 92.48336963586661 73.96874520483279 2612.8412655353554 24.239961671528093
0.18397544513617645 89.3276919804156 72.98415337966301 2490.7098670931287 24.309781941991456
0.1858594188116437 86.24846964411013 72.00232376477547 2373.0928291815517 24.37960446789368
0.1877719792563369 83.24401473680815 71.02308220498738 2259.8457509621303 24.449429088202834
0.18971412057926157 80.3126850616553 70.04625096002282 2150.8290131129984 24.51925564187246
0.19168689131256209 77.45288275645724 69.07164830924715 2045.9076043703044 24.589083967842743
0.19369139854477582 74.66305298648363 68.09908812424811 1944.9509551743752 24.658913905041594
0.1957288124594252 71.94168268636376 67.12837940533389 1847.832778092702 24.728745292385774
0.19780037132806128 69.28729935015309 66.15932577740773 1754.4309147423799 24.79857796878201
0.19990738701402996 66.69846986740637 65.19172494016507 1664.627188916665 24.8684117731281
0.2020512510515724 64.1737994042262 64.2253680667762 1578.3072656617094 24.938246544314048
0.20423344137468855 61.71193032782583 63.26003914436176 1495.360516049468 25.00808212122315
0.20645552978175288 59.311541173356325 62.295514248743295 1415.679887413412 25.077918342733142
0.20871919023553576 56.97134565203156 61.33156074453384 1339.1617788256756 25.147755047717283
0.21102620811451775 54.690091699299686 60.36793640049837 1265.7059216030023 25.217592075045495
0.2133784905507053 52.46656056246306 59.404388408351906 1195.2152646518978 25.287429263585462
0.21577807801229323 50.29956592673122 58.44065229128363 1127.5958644640093 25.35726645220377
0.21822715731730333 48.18795307911065 57.476450686049866 1062.7567795902203 25.427103479766977
0.22072807629787072 46.13059810950101 56.5114919798411 1000.609969433427 25.496940185142783
0.2232833603755176 44.126407148505805 55.54546877958176 941.0701972094554 25.566776407201093
0.22589573135731372 42.174315641570104 54.578056187258 884.0549369384354 25.63661198481518
0.22856812882353322 40.27328765909506 53.60890984985657 829.4842843396438 25.706446756862768
0.23130373455219244 38.42231524240312 52.637663746375516 777.2808715184581 25.776280562227157
0.23410600051847666 36.62041778559518 51.66392766673321 727.369785347654 25.846113239798335
0.2369786811225071 34.86664145355735 50.68728432823882 679.6784894646044 25.915944628474097
0.23992587044369887 33.16005863680104 49.707286063582735 634.1367498267881 25.98577456716116
0.24295204550280045 31.49976744450322 48.72345100012461 590.6765638005448 26.055602894776285
0.24606211674527276 29.8848912377664 47.735258632122225 549.2320927875811 26.125429450247374
0.24926148725768138 28.31457820665807 46.74214466495603 509.7395984459108 26.195254072514597
0.2525561226138207 26.788000996036857 45.743494981657705 472.13738261300125 26.265076600531497
0.2559526337490429 25.304356387549383 44.73863854523278 436.36573110948876 26.334896873266125
0.25945837592120974 23.862865048064393 43.72683900245773 402.3668616809819 26.404714729702132
0.26308156769350305 22.462771357535267 42.707284692314744 370.0848764139038 26.474530008839892
0.26683143505199874 21.103343332126006 41.67907667828969 339.4657190377968 26.544342549697614
0.2707183873717855 19.78387265904987 40.641214309455435 310.45713756487737 26.614152191312456
0.2747542341504511 18.50367485591239 39.59257765592815 283.00865268961496 26.68395877274164
0.2789524545095809 17.26208955561619 38.53190593688688 257.071532230334 26.753762133063567
0.283328535842378 16.0584808921161 37.45777072866155 232.59877159010733 26.823562111378926
0.2879004043151869 14.892237916959504 36.36854225126592 209.54507974061818 26.893358546811807
0.2926889792647549 13.762774905807472 35.262346299415015 187.86686964529352 26.963151278510814
0.29771889759684345 12.669531317945033 34.13700827924272 167.52225156824494 27.03294014565017
0.30301947598659834 11.611971059602164 32.989979133749 148.4710278237322 27.102724987430854
0.30862601301876424 10.589580608795144 31.818235381493302 130.67468914406098 27.172505643081674
0.31458163107753123 9.601862149028374 30.618137295560246 114.09636131677681 27.242282425816008
0.32093979619990254 8.64832942409837 29.385236030382586 98.70085755459309 27.312055648795106
0.3277680390930485 7.728503638241221 28.113999921055118 84.45480192971321 27.381825625132315
0.33515355815756265 6.841906182175248 26.797409825529733 71.32680435034885 27.45159266789728
0.3432119920512541 5.988050908270267 25.426347094283255 59.287784692064356 27.521357090120176
0.35210181821627573 5.166436801290666 23.98863138073385 48.31153603519445 27.59111920479591
0.36204941819117525 4.376536577194149 22.467420844231974 38.375606284298286 27.66087932488833
0.3718543284005058 3.6678988229217517 20.952119293439903 30.030977843491 27.721736934298228
0.3807296699138627 3.094383403285848 19.588605074915222 23.71570248576172 27.770606576813854
0.38963771072937603 2.6242418782918344 18.350499459321274 18.86383871009296 27.81419298279365
0.39886790008990963 2.210654036108075 17.143894819578975 14.8645599160693 27.854050539946673
0.40835212126830406 1.8443689618077268 15.95450686507692 11.556593539851427 27.88986044627155
0.41532344668180193 1.5654716706704677 14.94903802400376 9.202034578507057 27.913121703248795
0.4218310275727736 1.3587314511890216 14.231009067125859 7.608732499558666 27.932589779079684
0.42796646093031937 1.1705213266261045 13.787100503027593 6.354464006832375 27.94888322259083
0.4354842443407687 0.9977846811138124 13.318165520315102 5.232521711954052 27.96645285135281
0.4423811134817558 0.8425800775608719 12.83318520866797 4.253778571362357 27.98052232345508
0.44863998858687143 0.7217116903182083 12.403669675020259 3.517105514193056 27.991788927201714
0.4557556428799545 0.616491299733264 11.980790197709872 2.8970833343921925 28.003061356963723
0.4627071413745623 0.5213452047464093 11.550591031280081 2.357310299078179 28.012666085813017
0.4694911275125479 0.44186907140549936 11.145818046880152 1.9240237980881731 28.020849841952213
0.4756478400871928 0.3774017182712685 10.776983708158431 1.5858103640330192 28.027370630332822
0.4822636591435926 0.3226530211165517 10.424642505291729 1.3088638279426683 28.033524196942984
0.4894639354171285 0.27186772490520345 10.053712017998924 1.061337811021238 28.039331222077916
0.4990516439259863 0.2205030136553797 9.616212531165443 0.821245102957802 28.045821448959025
0.5054258956812483 0.1794830270234556 9.204844856402183 0.6382766167698458 28.049447957965793
0.5115747648425979 0.15265367570716423 8.89202919955925 0.5234069660665911 28.05249796016552
0.517490054684455 0.1303453062421756 8.59740207632726 0.4313020885540097 28.05506310295187
0.5228705583281529 0.11217092047908017 8.329031910299818 0.35893416056669053 28.0571153269512
0.5286557928594448 0.09652583185573274 8.074435303981975 0.2988788671551646 28.059055136525437
0.5349627806989758 0.08179837068670417 7.812710138958045 0.24454624973155775 28.06088868938591
0.5402441476166038 0.06950859751388458 7.57607741909566 0.20106314232547715 28.06222197238169
0.5457761949606794 0.05959103181699064 7.370914182879509 0.1673347607797314 28.063443480458446
0.5516298368310398 0.050530723861636415 7.169677548746833 0.13767384312224276 28.064562584194338
0.5566578119171157 0.04301358307460543 6.989668928414529 0.11395963940963555 28.065397142295147
0.5619794452186536 0.03685586526752663 6.829492365724447 0.09516840495248145 28.066168193580236
0.5676729125650172 0.031209725090744708 6.667307805964925 0.07846023656399269 28.066880570685747
0.5725412463434204 0.02654585652855444 6.515952847281984 0.06504762350648141 28.06740841088268
0.5776849368182522 0.022767813824782858 6.37443308210532 0.054444137234150355 28.067895171490502
0.5831695892027503 0.019331723719107265 6.222169548357975 0.04500985979034562 28.06834404956137
0.5878556372420144 0.016508735428627814 6.070633602067239 0.037415397338580285 28.068677326479406
0.5927940594680845 0.014224148782717173 5.922391131704174 0.03138710160608184 28.068984942556963
0.5980422998550302 0.012143454437124366 5.7588455420357585 0.026004372911501296 28.06926887356463
0.6025066572413558 0.010426407349714546 5.595791739877825 0.021657204665898683 28.069479641851956
0.6071955180946745 0.009026228603679328 5.439872327295921 0.018197928851335667 28.069674214882905
0.611112782821958 0.007863781006637928 5.291018945317792 0.015398449054473242 28.069817856441386
0.6150263074425277 0.006927484779778455 5.1575214513731344 0.01320560146179803 28.06994590493529
0.6189449125782126 0.006089420199761822 5.027037697401001 0.011299225933546988 28.070060053075736
0.6237573965822679 0.005262650824302609 4.8875769736471115 0.009479410680396176 28.070182927107602
0.6281129308529368 0.004492867466465721 4.7475243798264115 0.00784704007033543 28.070279273478207
0.6320118391112389 0.00388408958124472 4.627940142251793 0.006601714680812892 28.070354819327783
0.6366325003569486 0.0033364731938786744 4.509842819044012 0.005516311531996627 28.070432770622947
0.6408212949388897 0.0028402731073574705 4.389409355697992 0.0045618587762584605 28.070493765167946
0.6445705481518884 0.0024524022203019423 4.279872211591772 0.003834183550440377 28.070541491565717
0.6489902330902142 0.0021079106152916698 4.164615640616576 0.003201641511094385 28.070590465922958
0.6529939083084214 0.001798647331618976 4.039740196994537 0.002645838460006407 28.07062881611014
0.6565754805486939 0.001556268512545397 3.9247457400876486 0.0022211249163609685 28.07065884686378
0.6608373962372305 0.001337293948445616 3.8089756306970233 0.0018496705596594294 28.070689922993754
0.664629889568583 0.0011377305986983975 3.6961367916887697 0.0015245743616922665 28.07071373814525
0.6679636587187536 0.0009812915365804342 3.606756273094772 0.0012810582923361929 28.070731988855403
0.6717215680059202 0.0008437409227843185 3.529725225683533 0.0010759934474673504 28.07074986656812
0.6753981311704922 0.0007159692750503695 3.4616904169451352 0.0008935089990596344 28.070764873770596
0.6789106985322602 0.0006081006653446434 3.4071396457390244 0.0007452192708682356 28.070777181739963
0.6821708784376755 0.0005197701888717813 3.3633514178040875 0.0006273557867470352 28.07078704389778
0.6846690876504962 0.0004538764627487974 3.3296133086242663 0.0005412576925398649 28.070793698960635
0.6871454883294832 0.00040384774115712014 3.3012157673398708 0.0004766920822938356 28.07079961157757
0.6906760636672186 0.00035112108296755056 3.2665289777642283 0.00040930233200388094 28.070807004891737
0.6945790803514761 0.0002949009075413095 3.2219257840314945 0.0003382797803170615 28.070813943735068
0.6978026344442365 0.0002489552397758253 3.1782496059349277 0.0002810865080194035 28.07081883164849
0.7018002831294213 0.00020987199166070335 3.137493516285092 0.00023340843890751694 28.070823994859115
0.7057140527016806 0.0001732835885935618 3.1015119391346118 0.00019002994073295638 28.070828215800603
0.7100323520308071 0.0001414611577748685 3.080802587947398 0.0001536689687428028 28.07083206235701
0.7144898699747142 0.00011325700209968507 3.083439806836089 0.0001227405832804138 28.070835280815473
0.7187283933018066 9.03954057500517e-05 3.113649540234755 9.858827690913966e-05 28.07083775331799
0.7246411461352162 6.984037942640158e-05 3.171358095485577 7.728121613903536e-05 28.070840456054377
0.732100189432216 5.044621103767402e-05 3.239111336975563 5.676021077884924e-05 28.07084296464755
0.7390106976860725 3.780662231720339e-05 3.115476213030778 4.0829713949393174e-05 28.070844740969793
0.7484737731136488 2.8618202599716256e-05 2.819814532396662 2.7964384021555304e-05 28.070846623471024
0.7635352681302942 1.844198590426345e-05 2.399000537314218 1.5323338606881322e-05 28.070848618498037
2.245686070147664 6.943248379556075e-08 9.809433874979005 2.2755339741325314e-07 28.0708517828464
